0.0 1.2738296470396213 2.136727672426781 2.9711867473596985 4.722617008514707 5.254227118074922 8.163630920094244 11.809261446373824 11.346879756659757 16.268607356874035
0.0 1.6557555208008028 1.459945728811678 4.79735746626764 8.403955988977684 2.912477727358969 6.702793582264453 9.538898241016184 11.596251014363347 14.237929183021759
0.0 0.6222513067901938 2.858353876283046 3.107503968554374 5.9651715320100775 5.151744796917129 14.108697035650753 11.471523753543279 12.15315774574696 17.934447966357233
0.0 1.0003864519999806 3.408045992776112 6.452959916467561 3.4918690475782075 6.82003077799454 6.264791447762472 3.775636748146417 7.337513377916507 12.082204604667977
0.0 1.028502977343978 3.616049359425132 2.5063430006046503 3.570821908223828 1.1467935346112137 10.22077418986811 9.965641927025214 12.043723668388823 13.535605580506738
0.0 1.5885431086214916 2.5395013396876656 5.776192301689527 7.356737660698335 8.187137179190785 5.06837680973911 10.368653832252303 8.573577158202434 19.429280047541166
0.0 0.9405403199897421 3.042987397725709 1.9869165211115332 5.830192992522271 6.177489437931504 12.273139561638834 12.783501560883504 12.674673039814468 8.478231561425076
0.0 2.1428777957213976 3.900321941332594 1.8656887117841503 6.430130121292825 7.662687191961956 9.24176644581579 8.602352842105676 7.954605707133242 7.325735777975837
0.0 0.3026599686767224 1.242500277798573 3.147679734543524 4.17228879098916 9.035952501099507 10.109975522838264 10.28271260056445 8.488989682525183 17.243528370897707
0.0 -0.5735578670843656 1.7048122761729991 6.620150603529187 7.282614592645453 5.3189133707867375 7.886482046120462 8.405267107141027 8.766963104899698 8.737151439842703
0.0 1.3906436100518813 3.5664080604340156 5.094161912105549 4.18016225013315 6.405958421889153 3.5550788899568873 7.815262192858972 14.86312748065547 12.52074362370522
0.0 0.6634615063088577 1.333653154840983 4.593004755345368 2.72227884812228 10.95796816179998 8.282230072038894 9.481551756530704 11.758375388099672 11.90220104366452
0.0 2.227146413853923 2.3934628593459526 4.4350715060466674 5.498203287183508 4.835864050647487 12.153519112587889 13.880295669713208 12.155235374670088 9.35563098187289
0.0 -0.35660273784339325 1.6593638873786902 4.009198733736505 5.649076706837404 7.363296240022903 11.155811326612806 12.434284895699474 5.2918774805958595 13.580594191878406
0.0 1.3751533012935013 2.685015525424688 3.4820980134497184 7.896079710966706 2.405502271084637 4.725977160395691 7.772562333411521 15.377521757994389 18.155663330669242
0.0 0.48046595846392054 0.908422966458076 1.144234177960263 7.435260517207944 6.829515185024825 9.760838702932885 9.345404459527648 6.811749508702755 11.087479133511025
0.0 0.4463278794632025 0.934304719384412 4.04028099526702 6.503572574541846 6.103531625349967 7.973246435112774 13.55422126336018 12.002905139161799 11.211331721575434
0.0 0.3371281868159441 3.764575246406197 6.180921856060402 1.3689234244420232 8.291724929496795 3.3021729443772863 8.003942747279515 12.509176052696597 13.433386754063507
0.0 1.6790938388015721 2.1108893167204945 5.270331406907223 5.273757332397827 6.273427841094951 11.394285368815625 8.817565614487831 12.475200898306765 14.467318628631622
0.0 0.9097884608967343 3.259156027602435 2.8152781424705244 5.03866283845648 4.500559780330277 7.8889831701679265 12.731995345037749 7.170433716253862 11.15030452087955
0.0 1.1827667018171448 0.5742108827479656 1.4746286604060892 4.252933211959493 5.550216093220687 10.065876800370486 7.07220705485149 11.593312987370274 10.989362006664138
0.0 0.3813241878574159 4.620883011173839 4.422149189596206 3.181058622549279 9.956647248887398 6.878334875298836 10.811545526620256 11.052903476941358 20.452725516131213
0.0 1.2404690672221093 4.7015423290309775 5.200716880011644 7.146379210043867 0.8734716394825754 7.3981850030275025 10.706674036201846 8.723586930569864 12.118415139023195
0.0 1.626758193050211 1.2981564146940712 3.992654632483172 6.4057118568376925 6.253510558358319 8.38817401270413 9.170482143459617 7.622378391413922 19.224120715702878
0.0 0.8797182289914465 0.6940191895841051 2.2406396475202244 4.4722141796484784 6.4517651387885575 6.433693089671368 13.671238044854155 13.14698854923267 19.63294703537137
0.0 1.3589042821381825 2.4410185547304253 6.39974497241244 6.764972143528775 10.74899987996236 9.081295066650897 6.243535829637233 16.4656501141295 13.779559008490908
0.0 0.7760489840080722 3.389507237710029 3.4387702703324705 6.092094705063123 6.6095895138979905 8.792208264694576 7.969939085870325 10.38675184377382 16.52751008171079
0.0 1.360609738996495 2.3714306627960386 3.2602923839235336 4.399908309490868 8.615922402066179 7.363026813045701 7.295274861457378 11.797707454158763 12.802194665091328
0.0 1.4925938716611578 1.6487501368709558 3.8887721781922058 6.284313858632925 5.784147414063992 6.068450212235436 10.445785887134372 12.743722987602736 15.083389104709404
0.0 1.5511417180108396 2.0324422476093056 1.2776759349777682 6.97682058124594 7.811727526462169 2.721087907770681 6.86496543247315 9.869775611480541 15.395698866524208
0.0 1.3229281652555975 2.1444387132069886 4.874108134921532 6.687054972586241 9.668509668140096 11.285756596301443 9.309448075352545 11.052988191489096 20.731154690876892
0.0 0.7385668224148824 0.5004246171136434 5.941900174284118 5.010471644497707 3.4660501130083405 10.333598217190376 11.062666179841187 9.759720010910407 15.665409138209887
0.0 0.9764522513304693 2.9165897716301306 4.808544671197158 2.479836606790681 1.8484659997104658 7.221357701165508 12.4632405517838 13.655805849868724 10.243793542081177
0.0 -0.05961763098705874 0.5974193089257974 5.682272467922838 3.2193585426359683 4.701929260987719 4.894218322148185 8.619193466461404 11.07977264332084 16.351522872949904
0.0 2.31138809892598 0.803483958997023 4.0271812042376425 5.963277020266989 9.093323636126676 11.02103365405818 8.276559088494068 8.814066428751554 6.831747231819172
0.0 1.2682614768669769 1.9617661150002 4.392903154516325 2.054053496460006 3.435930668714326 11.304404630310188 13.671575359184065 16.086639150602775 13.099048573529998
0.0 1.1203238259276578 2.106443842703309 2.883115607265681 3.352022799104857 6.9277470038039874 10.452705071832586 9.126529234512448 11.174290827010337 12.354617814170503
0.0 1.2149128210001758 3.362618668143081 3.5892729738127467 6.373418384775677 7.497343720034057 8.426298606896967 11.768230582845169 10.020980315545248 11.75243530023254
0.0 0.1588245673153943 4.644463474216448 6.302405696041524 4.5062118930531705 6.063635897829427 5.230822872107878 5.103264516714741 10.526340727684536 7.254099635797055
0.0 1.3985581967360383 2.1164001270254413 -0.5116472157596694 6.244505314372098 8.746485451006691 8.485820112299038 16.903161057045942 11.640426024680824 13.099676401523979
0.0 0.9070452653793926 2.8035635306554476 2.5379812239635253 1.8801964857660918 7.995545309829711 11.352548785248056 8.874991678780129 9.149819238775995 13.654748749818088
0.0 2.2477561009552876 3.7497412939156596 3.4369449952864546 6.21592936565954 7.62622639558348 9.231780982372616 12.44024931795428 11.493524083412971 10.855990379794553
0.0 1.8389795403485705 1.5946601451316385 3.855524324335253 4.337782488412648 4.680769200676535 9.012259308549583 11.083824037493333 12.77308848542399 8.09894972055429
0.0 2.0401556144304633 3.3788186138235825 4.479283162604001 5.23547734323125 11.09285371116146 8.26852611270156 11.882494913619917 12.713014013205427 4.702873410046656
0.0 1.744649167627917 1.1463793642200428 7.132204863114447 5.909498887242075 8.242165122844677 10.07962234757918 8.892206229932214 7.800050649256022 14.7382079991545
0.0 1.0289177155927338 3.026675014910585 1.2381966968046942 6.161603069106649 9.796951268005316 2.32072503809934 10.967760361181622 15.36061795976146 7.677247205319133
0.0 0.2539030150408863 0.5082665821729555 7.025012301883995 8.485071095402956 8.404702090089202 6.1953388208608215 5.645429251760636 14.436175585405126 17.620686159444638
0.0 0.6736560944852825 0.6016152694893866 3.8826796455008625 5.920206255094745 6.756771373008923 6.5149503142600675 11.142631332116274 13.570759381711511 13.506959411578336
0.0 1.1190815298227197 1.8605864578844185 5.029750475755741 10.583061489945985 8.3444667615959 7.719808627611931 7.2746372510223685 19.017359702543693 12.75164641617609
0.0 0.9424881880787813 2.2497676479187247 1.0438080045294464 4.9502399373699415 8.262492237213078 9.557719871241746 9.31745263222475 10.599289142113285 13.102170258474002
0.0 1.210273648322818 0.48969352373865505 7.585649468660804 4.673945462532482 10.445842299697139 7.3461382733504115 11.96382210950487 11.779745590166273 9.24420956049118
0.0 -0.01358480591388497 2.020013825610057 5.85347676349973 1.8949864287587828 4.789497847614317 6.161139938013671 10.512283013872416 8.349164727104258 14.771538815020604
0.0 1.0772615141794406 2.453241022979922 6.207168184851315 5.761514914183087 7.269594811409547 7.457736255829775 10.347458726657392 13.32042368013571 14.17921885900341
0.0 1.1860492895147405 2.9785096994799782 5.956243306457139 3.6426891921345232 4.068446972185847 7.973187642147407 9.815208935990698 12.326662028678284 14.583699566402414
0.0 0.2935556679635432 0.9598551377759136 3.2674154347248128 3.173923627441373 5.778688652355716 7.074158043183538 7.56472360921547 15.943863479318182 13.724082708792157
0.0 0.0599410957156409 0.49923535906011374 8.29631716701859 7.0148859590809645 7.22963931813191 8.436486877411273 9.097898075453491 11.49477235128319 11.963385561951148
0.0 0.880334450862275 3.930188536096124 3.3135688819472073 3.1809345118438737 5.4750881453480655 4.136213584052064 7.324543293646709 12.543273736349617 20.709340142182956
0.0 0.8666155414396641 1.9451215176465881 5.337923703976629 4.1985103930645264 4.69488046929654 7.117316091699888 6.745521188720519 11.3902330157174 12.427823375988824
0.0 0.5907802334108763 1.3245276866905171 3.075871755381964 3.610013236882186 6.254144637280608 11.907436281293956 6.9361922685505615 12.83724944891633 13.534714887439929
0.0 1.8462179539984962 2.6989149671383625 1.9464755833061693 5.3492268600059365 5.374161277870412 9.96331090272316 9.55796064361804 10.627942730118928 14.613336960507388
0.0 2.8479685446462244 2.082603964225325 4.8598950146371696 9.122360392258305 5.683801048392621 4.7775681914737715 9.865281277769308 13.890633576099667 14.32310108073533
0.0 0.32893514873619856 3.493230208571487 2.7689472597825593 7.6984967672108695 8.311914165546359 12.600983649661764 11.374251231458054 12.457165111997268 11.46986980984638
0.0 1.2321260297839016 3.514638840862589 4.274331606142393 -0.05813653633389243 6.375347823741115 10.827650889680697 10.762976077199742 10.829363372068872 18.229327928193506
0.0 0.49790748665472484 3.154138089957601 7.275206871118388 6.083362081603611 4.967300375843482 10.049310917705945 11.067158126721148 9.019021362669479 10.275721886725758
0.0 3.2127857426239217 1.3056089856740112 5.146054411320916 6.908879103901157 5.073632611608125 10.327528652668624 6.753152404714766 16.583383278150443 12.074152354461434
0.0 0.3202996720747302 2.412182451148544 2.645674417341113 4.803741783169096 5.676499988904824 7.896988760246387 8.714554911037741 9.479579679735883 11.716276742204084
0.0 0.5140811440370423 -0.5490587460451345 3.094218827058279 4.182073905134564 9.108470282508433 5.692464611297108 12.165023396443974 12.434774560363353 12.729793370540648
0.0 0.3299498942462078 0.15207324156383153 3.6408817130971434 6.194142170907083 3.689979987605745 8.329058029189369 4.1673619951607686 8.548315498697571 15.145268451294449
0.0 1.8199060047498699 2.0271186871684153 2.684208997316768 6.010346518644254 6.873006570042139 7.002244437540575 14.648102216560925 18.582997448302656 16.827961201491902
0.0 1.1721432511300203 5.1128195509533745 6.267055763618051 6.164891005075591 6.892498837722832 10.245322444113983 9.64683340944374 15.368638681857693 10.52976780761933
0.0 1.4980800995263428 1.4456086815866365 7.464782585137048 2.9463019866426063 5.232134416491256 11.57750551991924 12.628455895818151 11.074665029890259 20.32367006997747
0.0 1.438215112519491 2.247038888958286 3.732281103328498 5.032779357182959 4.901917264620685 7.126253758548136 11.612359567937457 13.047497256921424 14.773418818149144
0.0 0.6949326792093372 1.1951407557364029 3.9635252297543575 2.499014264346942 6.446750489517 5.893227500424194 9.606145714513055 9.480726486860803 6.611611891936723
0.0 0.3353036533913845 2.3299810160543566 2.158975498128458 4.150304589252463 2.2972095934768246 10.316955081737374 6.9999065059247005 9.756536675954536 12.925955332142014
0.0 0.9387323849132341 1.0991077637670315 2.9874238938039173 5.53283013396811 11.233173882432581 9.970437023556515 13.218622742604815 10.305413154042382 12.341266080150186
0.0 1.107787342135969 2.770405944990281 1.7802687157087491 2.5567913184035196 4.717773089078646 7.337853534148912 11.71020151213653 6.772371883763711 17.919658175556744
0.0 0.3065845649109196 4.5292859764837585 1.4939340816232618 3.813519457147951 7.821462991313472 5.838677480837239 9.936744832414705 8.797788929272516 10.221755831873034
0.0 1.6600523574894963 2.9246703865562735 7.634213794668141 10.222957810373579 5.511466062953672 5.551459171471869 11.375845511333063 13.874462550095659 9.950819666604925
0.0 1.2327863958459324 1.2092546158513076 3.9003161685401175 3.890810887751828 7.714251674154331 10.38250940303008 7.463331397095919 9.059949912389078 15.298442825221127
0.0 1.9285692674509707 2.7216112027216766 3.6716995327180633 4.128092321216354 8.453216831396288 5.359291703245426 9.340586642792966 11.894618472657298 13.04818374770812
0.0 1.4885108829037137 3.717405314227051 0.8353223486454189 1.1120002398779611 5.086137491944127 8.370176111426902 9.013210572548134 11.105179326053182 19.296216155782222
0.0 1.4373844576199455 2.7162838757132626 6.116824064564682 5.645494773023276 7.7739481354195075 7.322462988882751 7.764798375220402 6.323138041497273 17.95070392777946
0.0 0.9008380562209478 3.13836193252774 3.3424983352252418 6.250630901433262 9.93683060523589 8.692904272528464 11.230133900281935 12.539877754122466 13.18057500040294
0.0 0.9284354573942589 2.4466703571404036 4.167266674616027 5.343163086868516 6.748515804095965 10.387717888625119 11.142351501584317 8.76358132930401 14.553010692700777
0.0 0.9788942000964125 2.7198140543684315 1.8537301377879105 6.110127864645691 5.128855699241829 7.008530818736187 9.407812744454006 9.683783838225597 13.946218180009637
0.0 1.2705602433705876 3.0243363406659625 2.24676095241177 6.065798498067633 1.3590545039398043 7.8645905520453105 8.507896587464593 10.13328879189656 9.009100856570306
0.0 -0.027745842496044264 1.707341401996361 6.3106626823014516 3.2930417789754665 9.494944873355223 6.96312393467826 12.354839928694643 14.785363059473243 12.733719634755287
0.0 1.810158904211498 1.2245274174133935 3.514206187934731 6.268054470333058 8.239975472063358 8.211923542028229 12.995201435884375 10.327572177823386 9.270111451306974
0.0 1.2408933838025653 1.9563215606854034 -0.7671815236283923 5.93319359477446 8.602787166825609 10.119937750105661 6.74197538727319 10.001921793263195 16.25925912531318
0.0 0.6054521689673712 2.8475514453809763 -1.1044568828371137 5.398753762258391 8.245521530046947 7.546945602627372 9.130017133884047 11.098161823142144 12.343268134524056
0.0 0.6107157790333192 1.7269278559651082 3.6975469874528177 4.160434536874296 8.30723769959463 5.922194564449843 13.13381619373167 9.332601190527125 11.566037563564311
0.0 0.9991170352521371 2.47395629275851 3.263185009047957 8.340857081783211 12.993282129440075 4.201089997913954 10.148746615587577 11.55096032008976 19.00639140239183
0.0 1.6494604683070893 2.0901877043951846 3.0042657226325167 3.911753006571844 3.268760874483192 4.423598080129677 8.265044489182051 4.050328666654119 17.35945883436301
0.0 1.9536228101617652 1.5849488107766654 2.090502360011407 3.7961420590687696 4.79278368593549 8.139002588383434 12.198627135552218 10.468427614766268 9.868708074366632
0.0 0.6935310547893457 3.4337250997654354 1.7329220073248883 7.302580725087919 8.798101390235074 6.687051994096289 10.297272743784303 7.60512181147557 10.911703546960041
0.0 1.6414344391866356 1.4826496761821546 4.910864978522457 6.2771503981961745 4.197370093791978 10.81948823775468 10.453311525131795 14.072196062004437 15.98131783069126
0.0 2.198459502721652 0.47416261502063656 4.753487785268286 2.0112674612764643 11.294965978176174 6.360913431176208 10.74418020710379 6.636987748769416 8.796105960382064
0.0 1.1310025768246856 1.9768731869946747 6.473924784576916 2.3330736596769914 5.835693514644639 9.620626167304449 8.787712023368575 12.014160007029092 16.125299933890588
0.0 0.4742271413911012 1.2457682420423168 2.429632488300347 5.2688917020204205 6.358937905958638 8.315641770072974 12.777468672333626 13.047465316659032 14.427089741780385
0.0 0.8517545703981583 1.0821433292429352 3.2503154821645754 4.2228425543348775 8.839728599986469 6.069406320542883 10.881314696221093 12.121492747586773 13.527082311885122
0.0 0.5410989559218079 1.6035336950203354 2.775829215499095 5.820747649694163 7.653408563924979 9.671864788227131 5.478786601067469 16.471363742796452 18.564469415465293
0.0 0.890670804353434 1.5913462441754456 1.5669228828839086 4.2002440841460755 2.669140667419148 16.235486867279032 11.867046010269258 8.274303020377825 12.498420424231664
0.0 1.8864692789132447 0.8829324723783852 3.2750740034433505 1.2756372674994865 2.6869214184396975 5.1125020624062705 11.922127772870898 8.23682372833849 15.86333260869314
0.0 1.031068613499114 3.083017348887154 1.4421207101095013 6.618522738510265 6.793826251282766 11.114913728333882 14.083203353154616 10.486363139262306 13.609624603501896
0.0 1.8339653459843133 2.4676324346048792 3.1302240871263773 2.602579192944398 6.492498006577848 8.970416079611242 11.349635846746471 5.189581193153856 14.559499813833915
0.0 0.7982332835777314 2.7472667664800814 4.427669508825318 9.385523145411224 6.268883965521642 13.022678246656415 7.861515678094421 10.004891736650366 13.615984283044792
0.0 1.265491151675627 1.7561651246043322 1.8106435239090966 4.6738177120179145 2.1609088938302854 8.253726552487082 7.684412996925986 6.562810067857461 16.23879702613554
0.0 0.6043765856975986 3.918555050223536 5.73626357536341 5.820508780575485 3.9789458097132013 6.500150477764853 10.465384121034699 8.831288401082887 15.625300457449729
0.0 0.5703792063514369 3.02382133990076 5.751960783511707 5.610082760381759 8.940738909259832 7.4433191634539035 6.0212953094435635 12.368768222972987 14.34048508181991
0.0 0.8394398133280775 2.5105455815091546 2.671579401255167 3.4221203609842195 8.208683600756764 7.549161987889392 7.961633858707789 7.951841059182665 9.158358770298584
0.0 0.9646181825687427 2.322530755973619 2.671120669627482 1.1824365930533578 5.303129077823585 4.295228350795612 6.760338264928642 12.886918705043973 10.794732327887234
0.0 0.06142932632502743 4.098091120877128 5.553210497920819 4.7279708320174905 10.61374156805596 10.844656539723758 8.571304556456544 6.126226539411427 15.43276601760786
0.0 1.3208267696102296 1.5624237669185075 3.4836111151838165 4.995939158483911 7.832912987781519 9.63891083849253 9.945043779057576 9.293723867571474 14.00005458637531
0.0 0.4532348225690778 3.4693770039401177 3.6349276462654654 5.535215677147092 2.0396606038533363 9.08008944234858 10.69920859023106 12.448679346331366 6.142252832568298
0.0 0.8140771606405549 2.515146187312309 4.460461816011965 7.077848743003529 7.054687964595877 10.02779400808256 6.390561507641264 14.94878694826055 11.295968354306511
0.0 0.920648106497124 1.6761468154137968 2.6893654233025326 6.813671793383105 4.417647296192404 6.598683252323654 6.7626572184963845 13.319845915225292 15.102227560716084
0.0 0.6354140444742269 0.7771962856234365 2.727277365394972 5.427637263035793 8.486055939119769 6.590991849690994 6.557554579643175 16.281213826703464 10.710484306079817
0.0 0.20305961170365003 3.8069670387209134 4.711160559643632 8.070060020721352 6.509174437714654 8.39845172306435 4.87044061423573 10.19866869522939 12.073364678127177
0.0 1.0316467395764175 1.2886186604773897 3.3803462432466582 6.726480805593785 3.822049662138698 6.3345533748152025 9.857054552381241 7.8961617952118495 10.829523357609755
0.0 0.70678028808791 2.855081734190926 3.257155805720106 5.0418173242418005 5.570074896024456 5.102139642548147 6.439813590712573 6.51574849357187 18.082056443135833
0.0 2.101228365746096 1.2958144588983078 4.3046718040280965 6.629249083271931 4.195186357759408 8.349295082917486 6.373639302761223 11.63111793556903 15.102943591770778
0.0 1.1049453533676468 3.2161607868515123 1.6247829205143995 5.572633120632614 7.690512801301837 10.048365276993238 5.85103643772791 9.398967901947918 14.554263711526843
0.0 0.7690363948259008 2.4721442584121527 4.427281941172839 4.154916375553343 6.735094902858701 7.9570595773958095 10.221283372194728 11.21678263925619 16.65848704085411
0.0 1.426209157548051 2.5330268546062435 3.4461024662054336 2.8336019118418214 6.597429963560875 5.346353099963031 12.324075047001015 5.452029648063018 15.504741297648307
0.0 1.3120149531601208 3.8273844026631725 7.54672981346471 4.021859700936151 6.589095308015688 11.254522332740976 5.677948161401846 11.722658010629939 8.206303046105797
0.0 0.9906504915561086 0.46781454849640597 5.208928609909732 9.50128451055397 5.9449671906994315 8.24344495460347 5.899398323787815 15.29035562370842 11.118625194495944
0.0 1.3209109072342937 2.3735210520564873 3.1340614067689576 6.156690216541146 4.29779864548753 7.881296352476645 12.507611171208262 17.574934574687912 9.650768339854768
0.0 1.153429660163716 2.4538089148446804 2.9171913065435384 5.2680472379766545 5.60077874150537 10.658434304888827 9.916961099084622 11.312557840498334 14.48498694391087
0.0 0.1073386816565136 2.4486727149055714 6.819948166047228 5.732280695268035 5.583331834513156 7.08435120833768 9.774702707691972 11.430586507493716 18.731183730469645
0.0 0.9102239478563365 2.6970617966888675 3.7271482862033105 3.6728680169456704 4.710407472697006 14.383833754489054 4.675043416740502 7.700993859821034 15.79580915908635
0.0 0.31150309054234565 4.577862513757603 3.003106476174783 6.963647406196748 7.68676928715859 9.76288659584979 12.541552249917766 6.724362627441248 14.750992843480736
0.0 0.942800029174079 1.013667101292653 3.5445651527604585 1.4093577852035297 4.578001311627587 4.612687868961554 8.04820467892723 13.363322732054183 16.291550096283196
0.0 -0.2466034923389622 1.642731020296134 1.825381112626502 4.0819348943011935 6.539217465995198 9.702858169361532 9.19962002975339 10.15285765052415 8.161963984540964
0.0 0.9489229151479128 2.2063314042570306 4.485180139540732 3.963080037695963 6.63256892707177 9.128681717892205 5.056423560473886 12.251722419430077 13.627210632766703
0.0 -0.0786047384844599 3.7636491106160768 3.027769452036155 6.866684123201729 6.893544724801081 8.258525623437503 6.528283249226074 11.119187874306991 17.467116904760033
0.0 1.0334628788069833 2.4897974178028655 4.585042965658144 7.892211042537168 8.999945298560377 12.9410333233688 12.791155490221383 13.33679922510848 14.826079810319838
0.0 1.5246434056451055 3.6793170759499723 2.849778131898487 2.324135457749327 9.087624057607714 11.171130856397792 10.9322569827386 9.571828294318664 15.61472882445325
0.0 1.6213155553939158 2.110011484530989 2.6316885652387305 3.6578534512277976 5.86434562638741 7.793222703594213 11.548582003427276 5.601806763917741 11.064806271933744
0.0 0.2027427347218213 0.533572027776183 6.240750744965191 5.939322792946788 5.899643671460333 9.412510142836686 7.080239885791254 9.601357366968264 17.558255257987692
0.0 2.1159277069173847 1.1965347150422936 2.8849043067323756 6.276283481662336 4.648435279229414 6.734533806793468 10.702427769671873 14.916701864932215 13.539127815493867
0.0 0.03790189026666061 3.252828213504798 2.908740334491651 6.9354008772190054 8.625935324225729 10.629547654385632 10.6633055447131 11.874864281741527 16.71789142285762
0.0 0.8962011390432097 3.1839824285573157 4.275456844838019 1.2367636803743571 6.083754636325759 6.641163716857482 8.172454802488836 9.099390115443299 20.93695757541318
0.0 1.1536653305873132 1.2518185746466448 0.895815091596879 5.897097161385779 8.57972162573626 13.755472826954087 11.048936454160172 11.006081179660251 13.346024081475784
0.0 1.98887159352157 1.5656221136093162 1.4787660190863041 1.066479285793089 5.732452717538385 7.993344430892687 10.683690163844249 16.07549959046471 13.947055754363161
0.0 1.3623844549176802 1.6105335970892618 7.334738568732175 6.5704152258595405 7.913271925249673 6.557680126440363 10.513105612660928 11.745912506024242 18.0732853237511
0.0 0.8939786964506393 2.6873508808268465 1.1135810719053427 5.7105438134751845 6.778638824590652 9.597989919373324 12.41722273681841 8.571380718918865 17.995689277618318
0.0 0.6901014380358845 2.004954075468629 3.046332767303668 5.181672565340776 11.536270505503854 7.876223180710256 9.389122107981708 14.373071548474456 14.842181272942604
0.0 0.8563452088237902 2.5423544049916043 5.058684600516201 5.596228891320158 3.6953278488800017 6.601073924283151 8.999663136554272 8.80506213921582 11.873713133987891
0.0 1.163152525584348 3.236474670452537 3.93267408731663 5.707468720730251 7.780222866366589 7.425000231120321 10.192846382715787 11.17088958629484 15.829429791993503
0.0 1.5398771283972132 0.6542262949419545 6.447134872146518 7.549351796995319 8.181997012091898 11.304525014315967 10.08073645327111 12.173751921366211 14.108558113550833
0.0 1.4200675059183 1.5279512227286287 3.140340489874538 2.195129515162508 7.605905007316912 11.821339467211965 12.211126625552753 7.595530235505257 11.010710998285472
0.0 0.736069297585397 0.791203102449923 4.6827811693763834 3.195593589221157 8.12743279786017 8.33448117699398 6.373443266039783 9.693290397908882 9.086871488795584
0.0 0.3985068836584589 2.77068512113705 6.0659333290027035 3.8669078148771963 7.112949735476372 10.137345955892366 11.321716275160146 12.726827042304626 11.188592704991356
0.0 0.6469108913500272 2.122150656665083 4.57843225367705 8.035370284542658 1.3180550590272206 11.225037859560366 8.260506962639415 8.785808004012226 13.93188711795796
0.0 1.1754667945261812 3.542289228832428 6.671464921066552 5.47347091118214 10.706075728602674 7.542636411086353 6.68819068722312 11.541542763839061 10.15450658320035
0.0 1.882235330406074 2.2811622425806464 -0.5311281696132217 6.053715827245962 5.1372303768570715 8.71909990319865 10.926774029760747 12.245988231862183 12.478154956118908
0.0 1.7163977884441097 2.164714624812173 2.4814248781139656 3.577882541947833 5.885614994351554 3.440947432819875 11.836570353154135 14.720787035771083 12.802791989769338
0.0 1.51351656785658 2.0699745899184427 5.3454257442969055 10.098560305612944 2.6550094222767453 9.764582854974956 7.714811324714645 15.568352170547923 11.627770316350551
0.0 0.5044281923594781 1.9843826356970713 1.3983812796086341 6.828051841845226 7.643920072005583 5.679749255038407 12.605837420014833 12.014409602380598 16.2669292487788
0.0 1.3242150470888217 2.0540210393036706 2.1402125004226207 2.305648565278792 6.244483619517711 6.633952641142231 7.091690491948381 11.043071622329398 13.850962583340065
0.0 1.0879645315693884 3.5684393411162185 0.9934763555873877 6.0092217788226785 6.778288926382116 9.26656450088487 8.629298393570053 13.672711954342587 11.003950843226214
0.0 0.5770427460525982 3.494235980985779 4.342229330726976 3.515957779843351 7.43811298564265 7.355486250748247 8.264108077537035 11.324638181334935 15.982015031718396
0.0 1.2123373723776691 2.276443640955323 2.997430688349418 7.489461404785298 11.453331674082099 9.052071842682475 9.655899202707529 10.359343475960353 19.07363549076126
0.0 1.528691144179739 3.0478616716299016 3.982767627146455 5.501355108561647 8.144332054836802 3.5316689442425075 9.677670861770133 9.668971235218795 12.424414205722822
0.0 1.9269748171122878 4.425676261711138 4.156313920440371 2.0940060057171923 2.4977534455405546 6.542873606738599 8.814510650229435 8.112659478960346 13.762584247760394
0.0 1.7170952818670155 3.2846667364850854 2.806048817376566 9.912673418766024 7.082190523955068 8.365291696704997 8.739436637601932 12.82708462742659 14.251275555603325
0.0 1.3535096066675505 2.5347544493736622 2.190270884210264 5.7319902160292 5.026640420202824 6.0763123806875745 4.754208083469002 6.400848780201408 14.230771503157632
0.0 0.4552966942599284 1.8120561119744354 1.235860701167653 4.632946252972316 5.165387393238321 5.359975091875031 13.45494309676254 9.71048034737124 18.54027530242626
0.0 1.2757587918867372 2.5388523479828713 4.274588189846099 8.807670950117384 5.516224544431477 9.24110344994289 7.024517084038932 5.579286065841086 13.896667943710161
0.0 0.9111132331063122 0.1236901735976992 3.754773367038507 2.8599292450148677 8.257249506909474 10.978803179865844 9.005796010063381 10.181105953399213 15.333843413547136
0.0 0.9759079782568829 3.3050266088094737 3.1708641802515234 6.537527439588752 9.343313707291314 9.950590587330645 13.528330475294641 11.70341287646897 13.923399765428949
0.0 1.4075766011858877 3.543017895425919 2.0328583572834775 5.201321195903325 8.33956030292595 7.422113324963093 6.779281241683436 9.51659085501578 8.425914538194181
0.0 0.6128500535102798 1.4101176658079788 5.258978497369529 7.462707628709863 7.012824763928364 8.075941538556462 9.576954720703124 7.187456413926544 17.325290003257322
0.0 0.6106753266588354 1.5843959347445546 4.256005196644418 5.177222746434108 4.073945858660903 7.455450271364462 8.891172377420384 8.1772532301175 8.066378630992041
0.0 1.3876129589071249 0.7813607237934377 2.6090372923339324 4.8995449843626515 4.73972111038861 11.41448476202005 7.940887977277311 9.837398891263298 7.739392784688307
0.0 -0.22501105210179076 2.058347538448888 2.890028960779822 6.9086536602715745 8.67080961425481 5.623350288863159 13.623955222868888 7.888804643395604 17.955579742736976
0.0 1.5065258443328422 3.9632870779088636 2.5400525109931316 4.78062950759465 3.399836132887052 8.307088496919127 7.713739196281783 10.44476920545535 13.456665468116034
0.0 0.5718252831510049 2.836541834022533 2.4448726111309003 9.191317098995185 5.988718120887725 8.10971556874212 11.404646392927992 13.827937997785604 12.545149402061558
0.0 0.5112724137484891 1.5000943523031673 5.916734750233841 3.7919286316642284 5.346235315225412 9.000679396257533 9.188148247316466 12.590561061988625 12.896913450053134
0.0 1.2482336124423676 2.8344188734620546 3.513011141144296 6.49136589292995 5.211723838253042 10.086133058236658 12.48536763517706 10.024321536985976 13.668063530335376
0.0 1.740570729421063 2.7981973079600446 1.9906913405013202 6.168294971305185 6.188354583210188 8.178525797535308 8.766594084185652 8.073416039376916 16.581776000009455
0.0 1.0240180214188004 0.5946916702718685 4.549679983380204 7.611188694048619 7.455861570518466 9.069852101373485 14.492973992322947 14.947246198987994 12.312704780361305
0.0 1.3983399516110857 4.516293991864684 4.413519351034765 3.4678646930139747 9.217678283641368 5.920808843786639 13.887946573341809 11.739808072347792 10.336718933353369
0.0 1.4725563163438427 0.21274361955946536 1.1006990919504736 6.228057244839528 7.549114472888428 6.736984262966933 14.87282385191294 14.141386664439754 14.966529723660495
0.0 0.21032017754641788 1.261780202141662 1.9655283941237431 7.74926571930236 6.539217455956912 3.6971776581675577 9.31891565780019 11.362379245295283 13.577184062147802
0.0 1.3748450579003468 1.1630793187699555 5.138150491813466 3.1457518696573454 5.442393857343715 8.740350231135363 8.257211527522955 10.409598971658301 13.54702644650532
0.0 0.6476066207151446 2.312043353454783 3.7048513725464565 4.80541350671036 7.986991664596143 14.469701672619033 7.6810383750390425 12.247924571467797 16.047724426731815
0.0 0.6457503954226728 3.487297440970741 5.178916658956272 5.679810418282807 6.468016503069562 6.934224310044565 16.001467065672646 10.029285857450741 14.295238554682358
0.0 -0.07339548496488582 1.358212300816731 2.1417282635157107 4.983897342593281 5.400918329474431 8.728363837563503 11.711890776197203 3.2628595045272473 13.090268172627948
0.0 0.2979250287352451 3.3632124185999053 3.256548002930836 3.1489666127333367 7.927496658644498 9.153077218400535 7.514071421220214 8.07176824478309 13.387682687323343
0.0 2.21889455823315 3.4419630257295895 7.099281673999849 3.339330255405022 5.096424095470826 4.591740044882678 12.46209745586979 8.616861278816268 14.528797728647893
0.0 0.8455789252956172 4.256649183357965 2.4760921932873017 6.960161042054485 5.236336558985892 6.984973284169004 13.058237576471955 8.284709509247195 13.925460305480986
0.0 1.074871452234301 2.9021685090713167 2.438092926499914 6.181076253524803 8.319209801246808 10.27005333594151 6.7638087839922445 5.536217666673916 10.013862951747564
0.0 2.059284152173191 4.067988441263788 4.605561398094801 5.866988301782967 4.683278635493419 7.758025626070842 7.890450140371266 10.806974648638494 16.613413071198174
0.0 1.4691130544177486 3.670866532365152 5.125316272223671 8.135680598948982 4.807380270574777 5.544952818293623 11.33207254773556 15.413743529669144 10.084638502798239
0.0 1.0461120267037158 4.293610714915511 3.9342617332221113 4.865509042328648 9.971635744821471 10.081105293959862 5.666442837112044 7.841960249993801 6.432176580228633
0.0 1.0305977825255 3.4411004550512274 5.51157785143105 3.501392295523403 6.968941659948686 13.271890127940225 8.45498511978826 18.41118066277254 11.845117104421387
0.0 0.8778267596130223 3.1650296480491757 7.752934449979483 5.025024059943316 7.719010778738389 3.09243080583312 9.298807116206445 7.3916361606680585 12.14498911512044
0.0 1.7623593303905998 1.24668062637697 5.164773657476033 8.413023944529215 8.262309284508914 11.152599832102673 4.848527713437749 12.595543996186807 6.4525386484482405
0.0 2.1063515878888777 -0.5160926502946362 1.039323387234463 5.120682869873945 4.939714914450681 10.123066833883176 8.794946325326306 14.106192367746868 15.233523157978164
0.0 1.0728785273487635 1.8041472571392807 4.873015743745928 9.77793766948041 5.219101433448613 10.704405012896482 11.862815316889618 11.413448861569478 12.784113622622511
0.0 1.349504369105115 2.2332177961007744 0.8141504078116621 4.081949591166401 4.644545302653682 9.659554653521798 10.50239145868941 14.50303709039516 15.134516308067894
0.0 0.17220669574726669 2.8312579229366426 2.8924873479517763 6.404130949406507 7.38488855192062 7.262031522875553 10.197896294112478 11.507223611802178 11.031711627610123
0.0 2.283989477337082 2.500091126553872 2.750044332736764 7.583008416411392 7.0231536725345896 8.721018609055344 8.816502957746696 13.424351220102892 14.839413602225413
0.0 1.2040078111528427 1.7486921062939875 3.9377103876246218 3.2287732535527893 3.221678061830762 9.53508638897169 10.027788877896493 12.762525765326814 17.794020588575812
0.0 2.535379574560895 1.046527036878026 2.184046926810191 6.521645065965858 4.471650712624513 9.878719123641766 4.303508592395339 10.332264768893792 11.314620454603423
0.0 1.204637114495102 2.964010207096588 3.867442174075423 6.834223991353611 6.0221755452698496 5.188163915817768 12.577715493345526 8.24942750262536 9.561292847758738
0.0 0.2197222021525784 1.9071459332352387 4.755627211806586 4.850776290258888 5.874409081012881 10.59115862671445 13.733178326483735 17.622226291557144 16.543858256190862
0.0 0.7617664009348023 1.9528829195743842 1.4427242815191406 6.98760132332788 5.2040805024123 5.626497787310636 11.666492767793736 16.59060962532647 11.47074948335337
0.0 1.4946177458419023 2.5654987611003968 6.8490485868683315 4.013587258346197 8.685585592963625 8.713731851400468 10.2400021800168 7.430213929213074 13.06858299258263
0.0 1.0508648449683125 3.315198970386219 2.5932796824945856 9.704687399957264 7.321024712965047 6.6498857080298395 12.567083360597435 17.362642839900158 14.22034334694602
0.0 0.3764131915814799 1.779349914789164 3.4941853207431177 9.793986780758187 8.123111298061787 11.51414969461902 11.266293107644001 11.586308583955832 10.999476804959473
0.0 0.7607095336322551 2.736246004111027 4.9941659405682275 5.486662498669318 4.333572218696098 7.465711825502071 13.6834514269321 10.008521310150638 10.555421141460434
0.0 0.14125656449415255 0.1722527600738229 2.023754984353978 4.315159542646219 9.583171033645991 7.212428076380211 9.448361445624949 11.000728544808293 12.751324289653974
0.0 1.2956928482186831 2.4703832529221237 5.6453747583247615 4.591054144990361 8.021556373225158 9.556197633890019 13.111417621407972 10.00745812687816 13.962094444863322
0.0 1.2478900420859254 2.135227490821205 5.130407774639617 5.833206630185669 4.846630648713917 6.073425478849159 12.18919722943982 16.842754000321726 10.93681819163093
0.0 -0.17600660927296344 4.483708571287627 2.633900425899309 9.042078091956334 3.504134232659203 8.293642914137463 10.171789756441433 10.051686565035808 8.965310496816402
0.0 0.5154498013038676 2.666219211419482 4.563119065494594 3.552927597293491 8.277888500225492 9.51505588995014 6.352184062362347 9.601286191315886 7.347002004221957
0.0 0.9758312623088864 2.097001246881138 5.269290582866304 4.505169478408396 8.380349827071065 5.7181112058488806 8.226021102211174 7.198594369677905 11.602215409712487
0.0 0.9713461097520121 0.6586958662457839 3.427877403834169 6.121445756588252 9.613639150733578 6.1529316909145155 9.420832877419926 11.097806185807514 15.764106596325812
0.0 0.1379258250645481 1.4306083985992453 3.28119169219713 10.154639697463878 4.863699758948796 5.976319685906437 8.743328516983635 9.069865238268788 14.474868375902846
0.0 1.55446781730898 1.9760149502457403 2.9121961853837 4.680079278763607 5.959049884601044 8.906216780790402 10.025944726273066 13.11710337018945 6.864040137520834
0.0 0.7935184527021312 2.3882508249172996 5.0562005141466795 6.080198348561292 7.969931812716562 11.694604236703414 8.709838783749875 7.6821663308219605 10.416813713480888
0.0 1.525389963420707 1.7273361981493844 5.142076385580845 5.041502432937242 4.903781448416644 11.286124839126321 9.1022549096805 9.883375652712813 13.406905824690407
0.0 1.6147208560568749 0.6398851589069543 4.706860852014173 5.324034938799059 8.541956023442184 6.425494899669845 13.291912922193331 13.6079708244353 14.394530462322207
0.0 0.09048379127396644 1.4922025906953282 2.312283560383063 6.245847591279639 6.498264558611124 9.260399841805969 9.048218394419415 10.469246881914774 13.538081008162706
0.0 1.5882018005673568 -0.0018150631567039964 0.9653620924586932 5.31887034200152 3.1764386981476216 10.332396311933852 3.031095743134751 6.636790192807512 9.167890947403913
0.0 0.8034445856415843 3.5295336735637974 3.7409820895898056 5.27884377036334 4.436305067858671 7.003588559382115 8.544564469704847 8.63889982677962 14.325957904956848
0.0 0.9695195826730856 3.005409640947247 4.071482744710847 1.6835293497104498 6.699258728160572 10.608603814103915 12.414414325902655 8.31810543057054 13.826236018623408
0.0 0.8620462737093536 1.6530077298290515 4.059958462408346 5.21018734810277 4.761685539760024 7.6392329721338434 9.587096522274692 15.970123909633879 12.43325461853617
0.0 0.6260668259683013 3.040202743249726 1.5714740231346265 5.6228249073195675 5.703985130902531 3.6126812360886746 7.991425442227565 11.538575371749243 18.435750431627095
0.0 0.9936133937245396 1.2478623760553589 4.893200339141371 6.779236033479413 4.719620732488679 8.274469857645652 8.164523922761521 10.849895608516915 17.409154771204065
0.0 1.5957551811006006 4.082497153448278 5.789994890096394 4.5192175365930645 7.014811285495506 9.806292384410508 5.523199673631817 10.823053883564263 13.883304508185823
0.0 2.1072659144729493 3.396308536124171 1.5744801605939183 5.520584324777025 7.00587197876381 10.01054286934182 2.1499873986469087 16.33714836465014 13.394558005199585
0.0 0.6850271863253967 1.7013152950332573 4.823957990783503 5.048254785168374 6.0038911897858265 9.535000119920236 11.565686550946124 5.131752900719704 12.900838935468144
0.0 1.3938471886883828 3.0458357886389495 3.8372060359621614 1.846667333068217 7.251721363739433 10.85338092192393 6.376647167685235 12.038357630081043 14.729764137090061
0.0 0.821630443209771 3.7880361884015947 2.9601709950553934 6.046157578640075 3.9077871704254017 8.102326018814587 7.409472022263808 8.85547299677082 8.63861472098137
0.0 1.7651013304286824 2.22283056105216 0.34665413981083015 4.343050481194602 6.235668893046372 7.834009657099265 13.58528050852795 10.32121905780624 19.819933256294107
0.0 0.3128918882505858 2.372924427586971 1.903771732424311 3.5647578213266793 5.48137683821089 6.017449660024145 11.361692781020272 14.95097564816171 13.832736181720104
0.0 0.8949407891244682 1.459293412367035 4.318399269166377 4.8711668190393285 5.11016967789938 9.140527673048988 9.541798333979363 15.080113924762681 8.737776309366438
0.0 0.5258138544284683 3.08552294244648 3.7203435938813096 3.781907670967469 5.635905288753779 6.806851677413544 8.909360366974346 11.284573866302749 19.681947336572996
0.0 0.2817800914063615 3.9579562957666403 3.90960530829409 3.021824886386262 12.417005260657845 7.2501804164189245 10.785166718577612 10.233611608679169 7.476225550996411
0.0 1.0798447922168215 2.5340143686008654 6.546535749635673 8.086819717231565 7.022879968907178 10.427520312661953 8.05771995890073 10.095636537720226 14.51463307574636
0.0 1.1927491622936726 3.141945561319241 1.3739009343597026 7.979859912321204 5.175660551772061 8.77987433470586 10.527856483436976 7.365105574395168 11.25026781433181
0.0 0.611186518990768 1.6172201341020533 2.5646694917471717 6.620341371738548 9.425646604882594 6.077737203670619 8.604584778548348 7.8123565434296784 10.310349435065373
0.0 0.863452423829975 2.593165837589201 5.879569368262088 4.15967458380098 3.409803591172939 9.40131459851142 9.735880577140946 14.570512474917077 13.17145367553608
0.0 1.1357741274975153 0.7498509925306147 4.656036832385116 8.066227700712242 5.409816237397125 8.906104219294779 12.14496299707828 7.945484526901108 13.833715066141544
0.0 2.1382937598990313 -0.9162449163563722 4.587271935671612 7.267248093006923 7.851080651973852 4.848564342554583 5.847069029470568 5.28530494833354 7.625300101151122
0.0 1.3574490054989006 1.9226807074865522 3.001200981023602 7.408312544573136 3.68851130627972 9.67944596662561 9.187972712589158 10.309536379236464 13.446733250892228
0.0 0.9692950375105001 6.523908735391598 5.112594650262487 5.245767330168612 3.260812972005029 10.709421439106118 9.7512036703069 12.198909116001968 14.633409838442866
0.0 2.2444019039490954 3.456467140650513 6.347647070758691 5.503091916958943 5.004828405785876 8.744491712554035 16.357293640764524 8.901478805562885 11.46053943370519
0.0 0.5968230508569153 1.5734938264333354 4.820894746621593 1.9571250210189786 6.497865018278346 6.611399089118264 6.11356156058944 5.542515424278804 18.79202264093612
0.0 0.5085037671368341 3.344543645400761 4.457937175567256 0.222204920979615 4.720743012524438 7.836243504628728 5.515227324470561 11.859531935180968 11.738266007931678
0.0 1.140790691566352 2.616187627070729 2.1514274364224706 6.771025192278128 9.173370680495935 6.121093478541566 10.340055892212773 10.03849746608924 12.175451970372652
0.0 1.1198343091947864 1.6100658597794515 3.870420727174036 4.873478309676535 6.108259061124054 7.222504865964096 16.32801507110278 12.449774385990123 13.030479667850264
0.0 0.9860987913844086 2.5972837024076605 6.001060198338317 5.635040255978688 3.251012700920188 7.75524150299114 7.016311997890408 9.29997997687846 13.921889635993756
0.0 0.738157643758539 0.16243419446259436 2.5233186659980027 7.7423189992800046 9.157088818226017 8.331530073044055 7.920277241860097 12.773883112444624 19.00441690493107
0.0 0.2425746649771513 4.164364148270464 6.1137842091822705 0.38784089398256566 4.071993461983654 7.9213917176527 11.84801076159527 9.14792183698631 18.968314871696297
0.0 0.5706304845411266 2.482238154309545 4.031161429348654 6.040071111169438 7.94752123367797 8.355069946340633 10.9962604873924 14.238211806517308 13.490956053939746
0.0 1.8971760602789527 2.0265535937727828 3.381559119394477 6.4499043782105 4.025845079160518 7.378932560060969 11.025662497163824 14.318662005300054 17.645747849745625
0.0 0.930868227773878 0.3327425617049907 1.120919659142914 4.631299604851286 5.332448143547847 7.864497673353731 10.551505610716946 12.624024949726211 14.991275398442156
0.0 1.6850339767984288 2.4127015041279662 2.5892862917130373 2.7202002050181 4.228502058267405 7.486377306239995 15.184460888073568 12.700638380928911 11.191877098382415
0.0 2.008543986082052 1.5523577260626586 2.0649701174558106 6.627196035604021 7.597674905394317 10.529758305821325 12.836668719476608 7.591257859222328 17.35307737916883
0.0 0.9793639663392191 3.001161833017376 3.247504143271145 7.1902469664416095 6.930646741189495 11.016275565407835 8.934665331494683 11.554862073624077 9.903434208119402
0.0 1.9966032814571288 2.410034979469486 4.242894099154765 3.613560510765398 5.291875132015841 10.517252366883985 8.77591026868622 5.500631947341272 11.539011940467063
0.0 0.3780598625799822 1.8903701123763834 6.17205634584169 4.7194661987865 3.2580460075161883 5.604896470578017 8.542383035683537 7.245897111976081 11.515797129017916
0.0 1.7357679275351643 4.652614441283753 1.1504952861110795 3.6334052147316696 6.542590667151443 8.76433266687742 9.418616497878824 13.430050028189848 10.534434337224118
0.0 2.1058588849046767 0.30360162557892867 1.9751961081380707 3.9628578455941326 9.289432797103256 10.251429675008653 11.204766757831328 5.135755003432813 18.03011423747057
0.0 0.19373507397648942 2.1974761580515167 1.983360756233288 4.249976579446807 8.303541109921937 8.75705061239404 7.764230478265297 13.96382053553764 8.789935286927168
0.0 1.4444390786037657 1.827739684472871 7.105310480459022 5.084885609073469 9.839503488571713 10.160345026469383 8.504733939091869 10.776520489144259 13.04969701911044
0.0 2.2962469426731906 5.279926769782044 3.207836163177584 7.039122461097399 7.323726435713359 9.744586601586269 3.541952515809824 6.974654335434064 18.87784187497856
0.0 1.024647064545848 2.7698192237914285 3.80584106511898 6.026447083549932 7.0075058576410285 10.092025628992314 10.732328842063474 9.077550155882603 16.23187980386793
0.0 0.5672635410255377 2.9173309292111904 3.096496951625304 7.608857013276466 4.738636016662324 7.08600297477857 9.761343714875025 6.406610190779013 12.417436338677787
0.0 1.3134228750339663 0.5033344117651688 2.5688220011769247 4.5644086885332396 6.94462597672538 11.839272528119707 9.54088668842853 9.578864411635289 12.6167987107213
0.0 0.8824974759192535 2.554608127130378 4.796981032786281 2.775185662426387 6.87782232123515 6.9011292470845556 8.903465285584097 12.038932100535682 15.308991077431891
0.0 2.0790559040891496 2.2307653595077457 2.389285508561018 4.849822519611112 6.4303936992701605 7.86430759562293 8.448933148299055 14.81055614667553 13.938830792261546
0.0 1.16536334137065 2.670996741344919 4.343481053779197 1.2661181307835974 4.729889510894283 6.152184068999401 9.40790948413187 15.224998918816485 17.096904062555772
0.0 0.6424902013167864 1.4502601984235612 4.747424012918905 8.372487215978156 8.516755538952303 11.112170191580157 4.766438127601397 8.057494835067248 7.918133538130103
0.0 0.8571267623112506 2.8217331912678487 1.4308727373249581 4.755593329786164 3.9527729579552844 7.777525394503959 11.189232778738322 11.84150986200354 23.393741267665636
0.0 0.7438995651445494 3.7180665849094896 3.5787275170850577 9.913617491320068 5.402277887685889 9.197631596806424 5.644329620873144 13.537702915361788 15.377578586289665
0.0 0.5341302734284359 1.2438399678660716 4.135438615505257 3.576658166344607 10.398864126390333 9.025306702393697 5.23632439748893 5.901913087796156 16.584498328814384
0.0 0.828777470226264 1.496598967931633 5.234265539905018 6.862984660741586 5.8761073152690395 6.615974227932761 8.339340129972364 12.10474551214469 15.201129481953233
0.0 0.26917521292553825 0.8574580947028525 3.447246476233693 5.416142351903273 2.8790016916073955 7.595397907030779 6.15335227391392 12.79219010847947 16.52190529743659
0.0 0.7829275329956696 1.9220858485048495 4.303461977259276 5.30065602706968 7.313049725729163 3.763293303783823 11.153991786135368 12.36551407141031 11.171980196771154
0.0 1.625154941089409 2.12570412446451 6.10359972335405 3.073762537349901 4.566121612333466 9.57009219898839 9.647301035705995 8.637830106194754 11.939193156869933
0.0 2.3585793271504367 2.436462829861471 4.876249535127054 6.823357492048753 5.574000961898691 3.9771997867481383 13.169502614678287 14.021403964061975 13.764757544526004
0.0 1.5564543476199268 2.459855144909082 4.858501002094508 7.615619341310661 5.70093983301131 2.5374675995545855 11.858697954314538 12.959812307699986 11.144153636474975
0.0 0.529022535570738 1.5280972929825134 2.7344387871417983 3.715673897345631 5.241621769354601 2.7059537970676466 12.704227320384526 12.16668461563784 9.749482429494735
0.0 1.511835916056066 4.063119568841227 5.024667771320155 7.410393509215273 1.849486631671103 6.48347964908667 10.41150292576633 10.483404352760864 11.46654542316333
0.0 0.5078556723419183 3.2266585413698077 1.5055585101011404 2.017914361139256 6.901606313118323 8.087554254999395 11.72008048544728 9.914144016297957 15.06490289999255
0.0 0.0344947649266512 3.245128038759431 6.308344773431347 6.550109319234536 5.8065551898627135 5.8628187095053805 8.68789223882194 11.5150507731709 11.578966507935245
0.0 1.8064763895340923 2.186638657455291 2.649928045740923 6.545374248637137 8.4413319162392 5.74712025883433 14.236187874285555 6.833543426304454 14.476326278990324
0.0 0.6900646798083389 1.8383702764336298 2.536878327837123 3.1727985120219073 6.645861273618483 7.037207711722377 10.792960696447766 13.636513771229243 14.99388081003383
0.0 1.6610057277403547 1.8738041931067035 3.895238866614074 4.522841351648942 10.4488636349325 11.270267046441418 12.779253830296858 15.533367104328 11.457386305514538
0.0 1.0756300611616039 4.058039897804703 3.3970223670792645 9.085108159123259 9.481024821000705 8.901559067078882 10.617808679867109 9.96770263407188 13.408316307743673
0.0 1.0162157731777142 3.40383897527289 2.7928413110576757 5.601704474717426 6.520172349690133 8.654269420761604 14.44863495570795 9.752635525552668 15.843149363851428
0.0 1.0642757344623985 2.3375927969195196 2.855173337466516 6.19256902183521 3.135003208960848 8.596550787732786 12.61353091729091 10.81061698429418 16.21136436046846
0.0 1.187823082398256 3.005893357336239 4.167780495826781 6.642500081016299 7.47140708150231 8.827635518237322 14.596957689175095 12.80882434104164 10.385704391338052
0.0 1.3438443335328891 2.422199948969676 2.5901729187828844 5.3936952522589445 9.753685322709497 8.39280760109357 14.36793860026369 14.025008736857888 7.8372236184614525
0.0 1.1003845478966037 3.955743580068064 4.847471424511028 4.377112765488329 6.817688291880304 10.008845477491617 12.269513930704857 7.189615484121843 17.36903024486348
0.0 0.49592925755791967 3.1707638603020234 3.5290178015604563 7.749071134474474 5.090946041124052 11.853508389700233 6.236091755226384 8.975143340231474 12.112103639970982
0.0 0.3543571341205579 2.9842064590499087 4.342102655893514 7.549970073687869 5.86007700196832 10.343288658232698 5.732005496785002 9.464632497178009 10.801983235123192
0.0 1.0674626591645513 0.2948304778808254 3.9013531198777 3.3147131631962323 9.474249108521423 6.512483185901956 12.38263523786293 12.421095924275242 11.592544319728809
0.0 0.5397085866370755 2.0084618965244685 5.808768205521535 4.634922365478345 8.079065467475447 5.542811310803344 9.505663923093715 5.822825880561821 7.8705552598852195
0.0 1.585035790522926 2.82449903651882 5.427616012077447 6.217170846371978 5.532237499119892 9.572634110756647 9.240837835609218 18.23674812946478 13.216002041878898
0.0 1.2679788994374666 1.0270344126628537 1.4135049824593706 4.560115558685491 3.588578581826706 8.411050038230673 11.431332963995152 6.162063608519035 16.281288170501657
0.0 1.2512525628250968 2.4390260316566743 3.5415833545770803 0.9813956806715425 5.094327462476406 10.494022139661833 7.997038622302706 15.460943099197484 8.071130548091801
0.0 1.7012272152282928 3.5548665049835466 5.988529907252344 4.627049303517815 6.395100545534569 6.5670758414007215 7.509508249343205 12.00890386448178 14.872351114989234
0.0 0.4250007728286829 2.828994613258177 2.1893418489516447 4.663670226073644 11.219313137510222 10.602346190477427 11.829196291479045 13.741205613757002 14.204626947383169
0.0 0.8146592422900069 1.3069661849657537 1.6628932387558013 6.578722344827254 6.323526564475364 9.629571678281406 9.966488732768635 11.660799545471923 14.965275968709705
0.0 0.8870499639561313 1.2078965586154584 3.2965349057537163 2.8092418137313055 6.376546930316392 7.687649502335321 10.352914677081843 13.095252011498998 17.447607495452335
0.0 1.0685552016079278 2.3711777593017187 3.2018399918006337 3.058601676422971 7.21658013077311 6.724669886328444 10.54005068335793 6.613284111401708 5.870058114222298
0.0 0.5999612990855808 1.622913805469292 1.9288874380318402 7.407220962230953 6.670709005225977 10.953915180433295 7.767987854692137 9.359241663946642 13.2002264856272
0.0 1.5545834670662686 2.5167925239151723 2.694575117103459 5.511644249858077 5.770875377131696 10.571878451502927 7.204902824706025 14.19230990103206 13.44795047434029
0.0 0.3001389757714929 1.7387652580128092 2.266687432975518 3.507488535810608 10.928747955894204 6.726709556728631 6.417700708716858 6.933910425894701 16.1659652215039
0.0 1.6251111536115492 0.8967105453739059 4.5567213139750296 4.088455334866559 8.228819902336447 6.848986929156241 13.469656196677652 11.457667460567261 15.855983590778933
0.0 1.890280180032551 0.5854500698750497 5.115178003298456 2.5186130117587084 6.461189971874479 7.245756955959999 8.213019493365115 14.17266359291025 12.871885739443169
0.0 0.8481730901652208 3.0852045614565116 3.861246602335678 5.18656899618487 5.721808724056795 9.923542333425377 11.429977481954475 14.295813780458353 14.819625506906634
0.0 0.41566052319525976 1.8487446448862739 3.1009364009709044 6.4587068280467435 9.627876073224185 10.736243684534887 11.58002646853255 13.423369374400657 8.966397316162434
0.0 0.4188683615518947 2.3621207364410313 4.072849155391031 6.544607253090593 12.249979873331835 12.644196770843752 12.241389330377334 8.609506869577285 12.898717689361401
0.0 0.9396577990358858 2.438919591678122 3.10143896312286 8.586445451576857 6.9081995873194995 10.718622913448847 8.357185886260954 10.359367381953748 8.216713771493028
0.0 0.6277156637381225 1.5457486793825317 1.7229989469633966 8.378288952723887 8.58244140667082 4.959486477421832 7.671172079366297 13.053044696124138 11.541724566058898
0.0 1.6539096239398225 2.735475488388129 5.530681646429063 5.470544427953704 5.007553595014848 9.81000185878722 11.700814721435266 11.128790666514128 14.801649589887644
0.0 1.4380697754875782 3.9117892794056197 6.726476094719885 6.461547738086581 7.599203998446728 7.1476026271994275 9.065119206452561 10.227524813799022 13.31922145933292
0.0 0.9132559470057654 2.5871807752550016 4.0693783673617565 2.860951718869251 8.546767535494718 4.818169313386044 12.186783557477256 6.647720927506182 15.344111749228883
0.0 0.956148551871574 1.6122748983974307 5.021528159149825 6.4823297705767216 10.206864376383413 8.100961591725543 12.387530116844296 10.989751530284545 15.785840236737648
0.0 1.4410259300623351 3.9485107764597767 3.689342521110651 4.506948556198699 8.26328263065169 9.845613272977403 4.978578690081257 13.271735538063377 15.350465952937753
0.0 1.8335687188558483 3.2994701323055797 0.505329751729024 6.134585916448521 6.973226668702215 8.081538531525384 9.036597606516331 11.638892482508043 12.371870435368647
0.0 1.2104429621736366 2.880662856480401 2.4372259694597598 7.614569194620405 4.583909607584338 6.417523003421136 8.526699159508832 11.772106355087663 14.961152409723784
0.0 1.931826110422064 3.1977474836890227 5.33646270908395 5.107626611439851 8.154074128402156 6.823211812055627 4.824710467645229 5.286622652158964 15.856611796697655
0.0 1.9713423564392127 1.8899720121545251 3.845447111845283 4.2731200075723486 7.963300791906097 9.043813452828308 7.715644763743348 10.012257975979749 10.279996391240742
0.0 0.45843188503344906 2.8671373392227477 5.588141685049664 1.6739953747108431 4.004940306963633 10.11311016065557 8.821335884239588 16.251657301817332 13.371837108668867
0.0 0.9508001253325594 0.9656966543525053 4.385522442286476 2.9399762345747438 7.885199022462663 6.413179608507357 10.893559114348234 11.57770753140886 10.066606544972588
0.0 1.4477918833894465 3.9541036958251556 4.15067345534141 3.8469068846347887 4.711631435628065 8.537225237645648 12.699439694469973 10.04434545341778 12.222330768761337
0.0 1.3982164109602666 3.256053895688258 1.8696124715192266 7.534184940293407 8.867852083966186 9.393720865575862 9.24248252630987 17.840337545148664 10.11328688849621
0.0 1.2365840788514562 1.7679242976859486 0.3743891562519038 9.054899672192562 4.371786349883656 8.965084190168376 10.62799214659243 14.497139275714114 10.591614858680067
0.0 1.5789175470013899 3.720964510289803 4.153453820403742 3.516092134743898 6.21917780929411 7.214561193651647 9.062699935279266 11.32532958605598 16.699196671770498
0.0 0.2456438166360331 2.0440251878164046 3.423584081869355 2.5330352993556664 10.08018188078375 8.322847459477648 6.640974305858449 10.569961938692481 10.72069271048918
0.0 0.4729226905247699 1.7679896825419716 7.807046317659 9.170017636951775 8.697288347559892 9.097479681887611 8.2385267034373 7.659819656644117 11.80634336061199
0.0 0.5913725153200109 1.372501305255971 4.159843132383927 5.995864997088692 2.859690097335775 3.6176058268362445 12.45399253939908 13.724504088714085 12.184054163893814
0.0 2.584275578834452 2.4862533792798778 3.422844890934104 5.918652970744353 5.833161808347191 9.35633467486977 9.702922982102617 6.0107479571427485 17.278766412526906
0.0 0.6196038546162903 3.4923461369750197 3.074915637318652 6.562072961812916 8.182311192466244 8.22239084193824 7.349544939396405 10.10080873741025 14.716664286567259
0.0 1.8763334848093522 4.4469660713570125 7.030198407632414 4.9308376630920385 6.095407733981888 7.863673885134866 8.2240683601609 10.673115615460635 15.733982954026152
0.0 1.418399974095765 3.1533153744882587 1.388249834705787 4.184452125900776 6.006262530994109 7.0785862987897 10.609557066351009 10.135522948769806 14.027947658882475
0.0 0.5191712141612542 2.5739093047603423 3.9760379067946623 5.974338596882346 5.790803375448129 7.207224388147802 14.73249258857545 14.98909753070938 16.123859336690863
0.0 1.6104710544012566 0.8784448271745458 1.993291750409959 3.7903494996874922 9.087174920037047 11.1760033527259 11.701373291191388 4.119270619381759 6.475389101801129
0.0 0.005447440723114152 3.86052481470405 1.5442276494955713 4.474059471299299 6.7452479415820745 7.678173333339654 8.430487725094789 13.139425540077468 14.958981200488768
0.0 1.341684581899752 2.74510652898506 2.7130932134258727 3.5853553690234174 8.254553058394787 8.900153973730083 12.196260612558136 15.578029461188008 8.575744971561202
0.0 0.5998915049125059 3.6240020458211903 4.666398414293614 6.144807383836862 6.016076709413183 9.30068600087984 10.96557157209753 13.015087003618534 22.301532833518433
0.0 0.38567910600359395 0.45713923866778006 3.226339545136277 5.9640708588973625 4.276668058561801 10.387110953181585 11.352677867988525 14.12992107753825 10.756825136505086
0.0 1.4414280463964164 3.6691823081051673 3.056440081282353 5.592889241973892 5.080233873881277 6.536526782712538 11.69300666682835 8.577115273275108 16.99805781547744
0.0 1.8961039568779987 3.6429455699196827 2.5729785706408013 6.729968057116248 5.8818807927001275 8.34559587724104 11.328082548927208 17.559963572929448 8.650271243537608
0.0 0.991312787644033 2.5928312341196174 3.4610558028745904 9.534857986872048 6.219451540661253 6.419809978894298 11.276699352114983 13.39889219213812 9.40515629357608
0.0 0.5310564831799317 1.9425338615996992 4.654110902573325 2.503725170889638 4.082870181532375 4.465230958630646 9.038065013533153 11.4536057968615 9.45388079227123
0.0 1.1281296601397648 1.6748751857064663 2.696472102507733 4.953961307201936 7.644172549870438 8.338988242840461 9.20256949893262 15.07064999012272 15.808953206299746
0.0 1.4538917192292435 1.5699152741819005 4.0549196523873885 3.2428751791979376 10.370331254504702 12.998114894011533 9.184229800196473 6.764110654453171 11.196061173825491
0.0 0.7650339926649027 2.293919353493124 3.850975166772359 3.5863437142493764 7.709765082601788 8.226333674316399 7.3103988259211645 14.014741306918795 12.677617107895294
0.0 1.1466226888890318 -0.09861230248049184 2.201708080772848 6.998288040697423 5.337423359627694 7.650967807259342 11.604537970927229 11.207583246918064 10.767226539625511
0.0 1.2240760981530356 1.4731212391115598 5.15747402848348 8.234521248958776 8.137679143570864 8.86350467594856 13.07423022954948 16.802589224942547 16.9640982699823
0.0 1.1943459842054116 1.8924239143262165 3.7071704799834393 5.470390806374494 4.172401358297293 6.495579039393192 13.20020997742488 9.014297459132255 14.194109853439318
0.0 1.1135048634813505 2.5140100963887018 3.0334174509975305 8.430179664875405 8.201087153016775 7.605208284041204 8.99950478468832 9.18988021997063 15.902096558094957
0.0 0.6659594707050484 3.6951385538167005 5.263311126099843 5.541061775748455 8.98131139630594 7.5675637830299065 10.448189977812131 10.950185787866278 9.21798449349787
0.0 1.3277954834942869 2.7979434674778902 7.084448983821831 6.772489532409285 6.274209650141531 5.182327193049012 4.323646113317122 9.845390567372002 15.652445359348771
0.0 0.417744393388245 3.208304262832347 6.095469006180927 7.5658270880348155 10.457090897214583 8.50998741515341 9.271401964696047 13.531141440770696 11.62097533886224
0.0 1.5692190549466438 2.3020556651182598 3.9601142679771972 5.32783678706704 8.23471932032027 7.9529942901663 10.395566704713113 10.892550489150613 10.770107716981798
0.0 0.5055988015535302 1.2260532669878654 2.495374480681589 3.792994354141169 6.588788242321845 10.380857705193407 12.328073263317226 13.53463144086906 16.93904048457576
0.0 0.7426903892237611 2.407778177537046 4.485745363848349 6.705119558014582 5.729523323956898 9.415597172702343 9.125524155691467 11.22188124486841 20.098117650195878
0.0 0.8030866831847344 2.615962881641745 1.5404951948267913 5.9334839972215345 7.261607776782613 4.579615381577704 7.702330676936458 10.45333000507367 17.806863682488277
0.0 0.8187674282087751 1.3572687250211135 2.487581574291578 5.266137360919069 8.704741310841381 6.1742969137963675 9.781545374981986 10.255937213233201 16.99433966574992
0.0 -0.3556172808238008 0.9397662841848262 3.8768058358132307 9.179252738515144 10.26550678565156 9.159194951770264 7.675905862490632 14.047711508474407 12.090140882511323
0.0 0.5789912566529796 1.864604941340594 4.579009141597046 4.115967235232661 8.069824429864907 9.478279136948407 9.281022581965546 11.174568551179876 14.934218392570147
0.0 1.7961783339622368 1.560707677136849 4.032787413861789 9.090475675377457 6.04361832135496 4.60218347523971 12.269128865612942 8.066781295988516 14.929362962282593
0.0 0.9242904915383837 3.249514140644994 3.9119788648089533 4.376861852873515 8.245662558565485 11.148966304070202 14.547919476537306 12.880226078055205 14.89269220492308
0.0 1.6654055906330933 -0.11571978640754368 4.363866190420388 3.2429189689147377 5.7258162815430484 10.3121691114467 12.161792211196094 7.23414925801116 17.091204811787918
0.0 1.6340131407545582 2.7463571552327144 1.4060256327622214 5.2242936532616255 7.332034997351237 7.033141128561334 6.647870305410411 11.069228848666333 10.074196011953653
0.0 0.7630834618874502 0.35173200524525194 3.2338390851012244 1.1097241639520117 2.9584712270069087 9.94616795915861 7.769210190318365 9.475684717842515 12.959512800930725
0.0 0.8151195861304584 0.5991050332597031 3.280996629980849 8.5766400347684 5.339992104310623 6.832313144962004 11.223244413593363 9.932493919093705 6.533558618361224
0.0 0.3115741477574537 2.8023624803270484 6.671871956035075 2.276679326751617 6.716776714986295 12.236245946689548 10.682587987258874 10.68477080252242 9.58669588324641
0.0 0.7269119191678484 2.5738316964911765 3.6391412024424894 4.728015132889438 7.4502405506402285 7.815532641374573 12.036183784875734 6.858992886851491 15.28790448636055
0.0 1.0003724207485272 3.3286435468368043 3.6102385434829922 5.393975428612658 9.918523103608633 11.60851985247641 11.119718972445265 15.063179309739024 12.536234930980001
0.0 1.685094181624294 2.4068538006705023 4.820020061360749 9.604815757411274 4.243260043712304 10.248931390892729 12.844497644622498 14.706738940673791 12.511740527084928
0.0 1.4857208814346747 0.823192176124702 3.0236959545301403 4.29866486585476 9.122945893919647 9.761497276093953 14.330138129125364 7.070971916264365 14.565803350553685
0.0 2.0115103822740985 3.4533695637960764 2.36853622304748 5.855968938655595 3.078501728723765 9.02669331912543 9.06713038104931 12.505123073905558 13.162481972118998
0.0 0.19414495289664677 1.1325695794507717 1.4222544854442263 8.301714896666523 8.342407015809073 9.604197416080131 11.312504616090619 14.734511821264958 9.147041397599596
0.0 0.7241526156850754 1.314750385324771 5.3152377204080885 4.3118568008971385 7.078133164701726 4.923644857368973 9.276523145394266 12.302695078684595 14.374554860740838
0.0 1.6277108628434327 2.211786508445569 3.2158331498190273 4.651117643258942 5.049388252455754 6.561089489532598 11.428083226490713 9.831769874963317 11.456945094088503
0.0 2.2634110406937187 3.8841474637860047 1.601828920276954 5.4022111178696095 8.19291546585086 9.705452918862074 8.586606879820433 12.957863775023412 10.551930196061624
0.0 2.565836308242691 1.980980620668242 4.175495253394987 2.099995807495317 11.538927373691426 9.5821506494751 9.990335132843585 14.161956057433084 6.501443279880083
0.0 1.534388379182253 2.372573781208883 5.238859467156893 0.6028559614860588 4.728805170899032 7.369160944287203 10.185746870063394 14.180992796793925 11.978006586567153
0.0 1.5117809696757365 3.316320193393865 7.136800056570988 3.8303647504250073 11.070659403229502 8.951732986778335 8.997369273057929 10.348078191550494 11.28493662448122
0.0 1.8681570672692984 4.406185323186142 1.5028121630363762 5.545408987534662 4.584832060774229 7.367236319701497 7.770533306835829 9.107849073175876 14.05067627443257
0.0 1.356192917322222 -0.11939411093855126 4.928650571270795 4.908428249050394 5.373606153969105 6.883336060043288 11.57956650172585 14.211156344719319 18.5009653132809
0.0 1.6206533216994752 1.6007306757315483 2.466415687388712 2.8068473684411845 3.9783851824037244 9.521557000628357 14.11506298569772 10.694894127486734 13.39322384427214
0.0 0.6459852437838106 3.366404761144072 3.3992534332045086 4.185113281179762 6.18975932493506 6.011052683518329 9.101594472608411 7.630541583567627 8.662623780539866
0.0 0.3875760674879042 2.4515671471869744 0.4666377836192525 3.9113887678369634 2.4688017591077966 9.251575702889642 7.791109358390028 16.860816713753913 15.287872218152701
0.0 0.4829831359740894 2.865091235777049 2.733170149505818 7.141804949160902 8.086425520844157 5.988066068803567 11.053416133072183 9.503752963074731 15.732154200550916
0.0 1.0897099584140035 1.7360322755470445 3.1769335081090695 8.033526208000843 4.983175528736651 6.6626745706701485 7.35856733409707 14.634988072073735 19.77923945554535
0.0 1.1917635034612373 3.7597973897454113 4.416381880940855 6.061791082383441 10.166428475691077 8.86393111583171 9.337097328732645 14.494858621044282 10.967096635561003
0.0 1.7330967203241532 1.736732896533951 3.507075020468267 5.660352759443453 4.257533394999884 5.8779455826094615 9.384554143010215 16.186680867487702 13.005749205212945
0.0 0.7619524826872667 1.7933594221373799 4.326057221816813 6.915256869100922 4.946543726978342 12.046386682896765 9.961912856035841 12.529216418596384 7.818366512938502
0.0 0.4691166710323093 2.225448265659959 6.7406602818593235 3.3829944202212126 6.320450249400331 9.619090526772103 6.091573176801392 9.547584042156624 10.20655145846065
0.0 0.7951727620237485 3.7295537584190335 6.3459948544900096 5.996491804500026 4.454049824794765 5.72918276161643 9.843355167608987 12.15162784532692 12.96503536653657
0.0 0.3668312871545039 2.4299190687746193 6.6985243403997226 4.219203186418907 11.150554093512 9.219536927287963 9.634554749473507 8.036016167107707 13.441820437300878
0.0 1.1282361775231642 1.5987860608039488 1.9482591297394203 3.3795498091633096 7.921620900300684 7.810364472477783 10.786517939078477 12.470433289008847 15.560145988198538
0.0 0.6698133488827972 1.7998909804192769 4.910735577175758 6.163001167035443 7.615575133329683 6.096655235643532 5.645652826674289 11.116849967261322 13.85454428237122
0.0 1.5896601015072762 0.7978582331321161 5.937168403509405 8.406658012540422 3.537498121692478 7.3183572761950355 8.856856975931843 3.7811156257093272 12.84518185295985
0.0 1.1142869290232968 4.652579013647575 3.7664153809633967 3.6281963136197275 7.326901638367951 7.236978190307451 10.010603002761307 8.110484712562089 12.297164248516742
0.0 2.0052889737999435 3.4252378777631405 1.9266040449489368 4.548100398022476 6.9558214529089355 9.591366739508198 8.729205664353021 11.851639717550876 21.29484204268972
0.0 1.1477605686809653 2.645963583382151 1.867573875327883 7.690485091837267 7.846892308647383 7.36162173151137 6.78860583824547 11.002208637609598 19.422486729310865
0.0 1.216886952670193 2.6888650405485888 1.2843016222315713 8.086436278687481 6.078410485583122 9.687507943424022 13.34754600334419 19.315082178427716 10.865959118862582
0.0 0.04072163318502351 1.529657141693741 4.4289715120178315 5.845591209304606 7.3657964866631955 7.410006904840671 11.566184518894875 9.303277041598045 15.971594317655036
0.0 1.867571428026994 2.782321273556151 2.6719738029694424 5.50400102866449 3.58754377369912 8.293035409574673 10.593850826466445 11.255353121090769 18.375967240300913
0.0 0.04021437395706772 1.768838846879279 1.9434150538159949 2.128249973315399 6.349134292856905 10.301485120011698 10.195171500757692 13.325125588832783 14.346570996837299
0.0 1.8982855034642083 1.4807879134383266 3.7322709010725963 3.822209421294427 6.854704519398147 9.225925417233746 8.29508860633158 10.035799845229082 14.31056858147861
0.0 -0.08077345837047781 1.3655801633617908 3.159955055020338 4.648229525592419 8.75176910216682 5.2207701653299825 9.656052788391193 12.336462755791537 6.705760581615522
0.0 1.130116223112395 1.5634648694083584 7.853187177404224 8.987263769963999 6.006867718991414 8.005170221749845 6.147455495949346 12.243193241661473 6.712419671793924
0.0 1.5901289188108458 2.1450670573576454 2.3626389902518254 6.714224338548423 6.845231023154211 7.97000810184004 10.413142044737238 10.856466674217689 16.134532820952117
0.0 1.4652329603350234 0.9486771093504641 4.05733660037995 5.685516441829578 6.096740202009602 11.5976327274288 9.726535827882666 9.259071990111874 14.799187697962875
0.0 0.39860128825744817 2.472601155069462 4.65807211375728 7.6548350940534124 6.6168201018010375 5.974248359738053 10.045821371508437 13.866556015259977 15.425450229432801
0.0 0.9253669115212277 2.344258656584345 5.164845190701921 2.434850049801979 3.871858002351293 7.053096456533636 11.764819205430594 12.646542082983192 10.932469096806752
0.0 0.36387658960518426 2.6288904128554353 5.604721295244097 6.335159724566973 6.0804609615245 7.3480504275097775 10.284898774085256 12.024606801361562 11.989647799419783
0.0 2.885663078782218 1.396522069628486 0.33371016349721827 1.6170603966368489 6.426971263277074 10.621203057922822 11.677090843797973 11.943543800591165 9.969829532493655
0.0 1.1417477463629744 1.587090386324598 4.432585181206328 4.938815161210741 6.132807134685411 8.36535039003296 4.607880158254071 10.67135082115594 14.049993986071996
0.0 1.2070038243377321 2.4803397317402327 2.6149731199054562 4.1989442405642174 6.275953648655854 8.621067637413878 12.205175536068406 9.922517336910872 15.44614099795712
0.0 0.3722407774870929 2.235249423282562 1.8379119691088546 3.6579739700209397 4.539854311016942 6.289319680421732 13.616484668607734 8.697599632824996 11.574732103142233
0.0 1.6364883187349974 1.7750891514232703 3.219967276221193 4.128277045291005 6.4263762735896215 9.549076862266807 7.54552093267001 11.365884910991687 18.729343538958737
0.0 0.7538981379829278 1.794075809087792 5.619777136882079 5.76683080138235 6.3612975300281365 9.091301330443187 12.272271751582775 13.200883432413963 18.59958522610339
0.0 1.3691696323546076 2.405154905530054 4.758768027847257 6.147125490917529 5.219547582903613 9.965217640783173 5.467880658466061 12.398071932221992 12.284976469044228
0.0 1.041020817861872 4.781805921781368 4.3489652390672155 5.96807727806604 7.171916315327166 7.799681910786611 8.88323126007084 15.824866831229325 10.969762169879374
0.0 -0.29334351254326513 5.39913466164314 3.098017094893241 2.805593533844076 4.476700735423014 8.609208273655426 10.252927203627902 6.622749674517487 11.909542379166325
0.0 1.1339862576138928 1.0336676439987371 3.989964213796187 4.453770765495971 6.647920673688243 8.70484402075912 13.948290783972471 16.42797581162947 14.886137054707152
0.0 0.1828530655672646 2.939220411514749 5.089228922583913 3.955521162358866 5.021316807146697 8.248472923425151 11.127448137572708 12.55186702446215 14.856488478548563
0.0 -0.25909938879654015 1.724039907748131 4.418337127714017 4.586097842397212 7.258564277086561 4.380639651202236 9.55169388563941 13.548640790922244 22.082144587745955
0.0 0.22127944979039613 1.742989304435534 3.6857662071754462 3.0960570093417785 7.427938490399968 10.256199953716134 11.114022033667347 11.607937311508065 13.690163542872707
0.0 0.6541377493349764 2.7800325828011623 4.355513962108216 6.422802722564436 8.518901289716883 6.162039203304553 11.42955599659256 9.646517489635341 8.368121074806986
0.0 1.7677861650329327 3.484498625809953 5.848776450568091 8.218192392661233 3.910437086707703 10.911200733130348 5.629312082467845 9.697048170095972 12.902835686177369
0.0 1.3075844925121125 3.2782029587382753 3.8250943645275313 7.0165640399974 5.358480220613064 9.069463133056336 9.010395155267295 12.836484324697633 13.37803255336521
0.0 0.945520300839838 2.1977194136985565 2.202903797841043 7.190560389420497 5.8717142890319876 6.620591887684962 7.361032063511651 11.860483849742812 13.521337625152333
0.0 -0.12755831292242853 3.0627174839782283 0.29722114800725125 4.9790173873967705 7.4489063439904495 8.609372528597568 5.4061446896064345 12.057697557188972 16.11070367477681
0.0 1.1923751010556578 1.1162005791899325 2.992767936879241 2.8154047447847868 9.744830255243 5.736322086463648 0.38032883713455323 11.750681444919172 15.448816067691878
0.0 2.4987195698654854 4.002226529147104 6.278498057872967 1.6001783708810366 6.233268462022708 12.127354374447275 11.829430853317572 11.329733089448954 9.08741948751611
0.0 1.0123700552629349 1.4284811935206971 5.782292663024801 -1.8089305008190313 6.667575085416728 8.554931909058103 11.286962184889989 10.563070077877155 8.236522625952249
0.0 1.4427742411873536 3.9186104773098185 5.598573119363461 10.887171731716043 3.613718212477514 7.883955784399364 10.954637256547437 12.672218501432019 11.109292228264879
0.0 1.7592657023402847 0.6038430247778858 4.3323888188144135 3.847405615159014 5.314999114862299 8.777745781356526 4.570897995174077 8.081691514435628 17.59210962277491
0.0 1.7960651770772635 2.5927069905553015 7.146292334463221 7.218175118413556 6.106898849841544 8.292638880006836 8.14313124051614 14.604603815521244 15.190084262367872
0.0 0.9590223061799631 2.7280700569732477 4.7673323060786155 2.225545974309217 6.612682607771551 8.49118077155139 6.934496459188964 8.356991442109171 10.384169589444314
0.0 1.3687304303391346 2.038837116315017 7.113494626465184 8.619706652431065 3.618751273686427 11.232607766077216 10.974918180655278 10.563330777926963 15.340527591826685
0.0 1.0786234076577554 3.5453668376223537 6.190011250963398 5.676363465466964 5.860198874150341 8.905501426185849 9.151679711960917 10.114394694241456 10.806987049150527
0.0 0.4248947163825307 1.710537798472339 2.404842045774489 4.259588530093497 4.206409624040828 7.546088413787881 7.221912109618476 18.249455571856252 10.795841243504105
0.0 0.7127354326210609 2.5365531218534247 3.4466381677976665 7.73139987281813 7.815129032148739 5.895304100329709 10.316887250713958 11.008704120354505 18.52663206016659
0.0 1.1966957592883096 2.694196454576766 3.908298304636645 2.3889026266514986 6.700994698122426 6.171628706916072 10.54059040473128 15.917112954919663 15.178942942516
0.0 0.692874596649095 3.0683859631628985 3.7934219387524384 6.155375775411763 5.153992297124929 11.704751987901805 9.75685981189688 8.971917792289902 10.703966405329092
0.0 0.3457789987040265 1.030331170635965 4.912840626794206 3.7310174012283372 6.31416967409945 7.14689906667351 7.617019942690582 7.842531725909283 10.847652103615696
0.0 0.07477693411342334 3.722983566405498 3.3315871925835214 3.994360812391082 8.002646214666703 8.47663980344779 11.88105213862696 9.499021763884391 9.85404610454359
0.0 0.06934815484035316 3.7763746182114413 1.2135071603682277 3.6288216857626647 8.667150876473967 9.355423463800516 11.520152147573944 11.596703520384953 17.86057222726181
0.0 1.3095186256092772 2.3316198190012623 1.7999697580515694 5.8963143026816045 10.930406115061146 10.2543698900608 14.925522207193193 7.402531814311537 8.613909212067634
0.0 0.7753901847068876 3.7080649676302446 3.6652712181324336 6.850471493710736 3.126008342424122 9.094804915565085 15.64912037997245 9.524762706147682 8.650583515194125
0.0 0.47410901825724966 3.386033953847857 4.068728102817022 4.519374127737255 8.963522964992942 3.60155659749323 8.215860474127057 7.088549523752834 12.07579802378754
0.0 1.6949236007595798 3.5820044934481694 2.9180599083041177 4.258404379125657 3.7816592874417543 3.8441487476930325 9.762512768304234 14.245564104767546 15.423539927527806
0.0 0.8092681991987638 4.428616637966882 4.3709581960055 4.501562323444423 6.205936881104177 11.067866750977094 9.586017036932938 11.975977476852183 16.761927389872778
0.0 1.1793032638229453 0.9489373223694524 2.1555700838014746 7.010092541091731 8.133956577193524 8.1432537925411 8.31382087831177 12.637416310762806 17.583683346017214
0.0 0.3498253706424098 3.6219692493310056 3.2454901336255784 4.3067771082124615 6.044772577836841 3.513672226752893 13.254705652691154 12.43264657926655 6.249299729675989
0.0 1.8453110308522402 4.923230534560993 3.701456578410825 5.276087166863744 8.864405374903383 8.571548722917555 4.697909863610571 14.785655558281416 13.358322993762245
0.0 2.2485230091746593 2.8048311356813764 7.440333946109718 6.713681471776792 4.895907421775097 6.419722415518951 7.958902023086888 8.824680440990939 16.098298754669514
0.0 1.072064622680829 3.728937175206166 1.7557799093401756 6.425640242881906 3.8167471251930265 2.5379995636792025 6.882185212015632 1.9084311596690637 12.016327626834586
0.0 0.9769899674164153 2.0820641334144234 -0.603609446604297 5.07562698513519 9.637258863674116 10.513063153700339 11.222072810863667 10.299155494223578 13.35550162964808
0.0 1.7926953779876278 2.232577589704511 4.9836622279406315 5.43353849420601 8.636401605869837 5.744097629115131 10.673254192308384 8.987170596376322 12.49959678015207
0.0 0.745677883734011 2.889195322252893 1.7642280951988578 5.413704867876324 2.7278838169092863 9.165207461205146 11.602730944694297 11.766640486455001 10.359705521109774
0.0 1.9930217394604886 0.8517194132800601 3.5531908475416034 3.6495697684869675 9.348810820153286 8.055113009469226 9.118119325220572 10.692689514315171 13.95745236842701
0.0 1.02433295021232 1.5703060015291836 4.278964361175394 0.840657847458078 4.901526872201629 10.444009669158135 7.001425294386727 9.889788858927364 14.702582030421151
0.0 1.6929228966728669 1.307203552244392 4.424095729634221 5.01500038526942 5.757099502274866 8.930640710634465 8.905717895620803 12.648666413940179 15.53779498562049
0.0 1.8596788411738472 3.121726748462679 4.085875764741031 5.7262833615178215 5.113720016311294 6.6916011311117325 11.818253464558378 13.626502006300388 11.75106369641419
0.0 -0.6918395152006548 2.6567263214597454 2.248810258802347 1.7182241424033435 8.25992567676152 11.288955394599457 2.891229286967733 13.842280279482265 13.840345737617916
0.0 0.8018479705263832 2.294453295395038 6.284039514435728 4.867989739128055 5.75192039909142 8.182168512429925 11.143071394804906 12.48799447650945 19.126840834559523
0.0 1.294860244229016 1.0040924412659953 0.3088684843935536 8.304226413797373 9.265352069807882 7.066967846525792 10.276708701025768 12.408005604621197 16.241463224654346
0.0 0.9401986751207003 3.3371218481584792 4.6583023645460955 9.878824538935403 3.617080823217131 5.781659961769012 6.352564020517347 15.424580118115259 16.840456677489826
0.0 1.2952478524925781 1.1822925883553412 5.880066395139433 4.850469363217142 2.725965175975928 10.864708788827615 10.601284904890667 12.958999236921695 12.897877727698182
0.0 1.428590823344502 1.4827490542279786 5.008003496184814 5.005509010613836 5.2175900559680946 9.513747986199105 7.305639910319074 11.068499070402892 9.12023057871867
0.0 1.057264742755063 3.239023900155949 0.8916771766452999 3.136888734224248 5.513019209345372 10.955178686241194 6.681816965177758 16.605938795455977 12.488168880116488
0.0 0.9531439848348071 1.571819647193601 4.195746588497599 7.728801776438141 6.970150896862074 10.412323177520234 8.065334278780721 11.911443422876914 10.889900378394469
0.0 2.0693260118669055 2.1053332978699326 1.6521847699068144 2.6353818548058277 7.761477254898548 7.831695403780085 7.673533113489514 9.786491033456194 12.426746827919573
0.0 1.7759711582607836 2.664003636608717 3.555485444779953 5.2387064604863225 8.719394128789029 6.266027229887556 8.56390682587841 13.752821784287553 15.217567770512959
0.0 1.447764788608171 2.661938497972954 1.9436973749469353 8.431742590506783 2.11645278993663 2.4027778106567657 7.603071996565902 11.962266070379494 12.808789135891015
0.0 0.5348992858683242 3.6967980571715437 2.2578807635221474 6.291015500239142 9.30391872828508 7.381185070872783 8.722964570999245 13.609967450140184 5.565624820444738
0.0 0.9342929858087317 3.9807028024709936 6.50264323579765 5.579668183326768 7.253213231417581 5.7968059982018 12.528100322816915 13.525220884865902 11.776600729089214
0.0 1.0836506015756462 2.7532803993770387 3.963212239931628 4.817777723512897 6.978019204134091 5.43910165735629 9.676572906702301 8.289256576236752 18.8049633172631
0.0 0.5617360817171471 1.6993470191635385 3.278939254641932 5.006988906407314 8.617231946180134 10.348429018442879 10.199315261248538 5.975540376788289 11.818140807476189
0.0 0.7887350884093809 3.4275838714420326 7.205668913461554 4.116696197996188 8.799716144629423 9.531566167869919 8.248475152757365 15.121339694665618 12.316289988325337
0.0 0.5237654567264381 1.3115025732346537 4.430515386492623 1.8695909660573335 7.846140662058315 5.4490517917655 7.924227865953653 15.096914373869073 16.843705611528218
0.0 0.3074380395723406 1.4945210510247446 4.597890289852863 3.7211059338927335 3.9750958218144516 7.2169819463654745 10.120377307247736 12.122088421771501 15.44890489839898
0.0 0.29462866666133186 1.1255083386209606 3.2389009349086333 3.907679933616397 9.393897335538554 8.43817311879829 9.577816159425105 13.968485259014107 13.417292270363756
0.0 0.6384547646193703 2.5136585106841904 5.277160012712088 4.616123373028817 6.019795947505651 7.163834802227978 13.227621019385683 15.28486569693933 12.401847925189067
0.0 0.9866004870094125 0.5857260426887471 1.962333096654966 3.517644564178478 1.5049119511046742 6.793188224086918 11.022690601312469 12.07744831217695 16.49000735166592
0.0 0.4404170193598846 2.957592428038979 3.3822874968587557 1.2104650248171493 6.6189955060380905 9.005128169014508 11.97618961177821 13.620982319666838 13.556684784188748
0.0 1.1451211630515734 2.2399377324525362 5.197209762524582 8.08238340876114 3.553272416600662 10.19324208760094 13.779158221383577 12.263879554001672 12.184415958530646
0.0 1.7256015188274634 3.6288148013085193 7.074046829722128 5.760271613458479 5.87720725691009 7.3574509581482275 8.737817380766101 7.024174869576087 17.189253844080625
0.0 1.4831697937963717 2.8062103470425583 6.789287420562483 5.315841662649109 7.608262179406479 8.339860384918518 7.728022761708711 15.830759704732165 13.960304126752268
0.0 1.4185388759340278 1.5591359121127575 2.184541747583469 3.356418495843891 5.975696541152519 6.9565766872084795 10.801926943245205 11.880762662650067 10.566965298169869
0.0 0.7936815147440323 2.998343525223791 5.313808132451781 5.141717568071518 7.458880768974134 6.830963827887753 8.197507658741552 7.786293781270869 11.507029932789665
0.0 1.11806092126506 3.9668389289629897 1.6438934740059947 6.387093986677475 5.1467482847175114 9.405748316293884 8.260981377527608 13.94295384590093 12.707371128380583
