0.0 1.661974744639861 2.8579574732178368 2.180720427505886 2.508125463120749 4.995785686465822 6.612341913742992 6.137499277093262 10.174436560249143 13.899821245748909
0.0 0.7218554341586635 3.1061165070282852 3.19686142765704 6.606732326415402 6.202403037988297 7.808337211608555 6.451655752664771 11.116285765275379 7.397542444852603
0.0 0.531396918761955 3.027050718931048 4.433927183839853 4.905422604648422 7.925086320243223 12.433556829410119 9.341127202704406 13.47866814276432 14.561272574713911
0.0 1.1106675513109259 2.975730734292603 2.44406365471293 6.4880650960756 5.290149743788452 14.1468181978021 10.964622514893493 10.233574435700524 14.362663423472434
0.0 0.5117369231430424 3.018030641197312 2.4891931637280846 4.762336251768794 2.4747520151024434 6.305322774501033 10.611134563009244 11.718498823408302 10.037616819035692
0.0 1.087035911806483 1.4113037995458984 2.614644453536739 5.709557206397902 6.801875271555838 5.447364805188904 14.147739762862393 13.508995221799793 10.264867366460361
0.0 0.06619267663561401 2.6825935532554777 3.282370778414685 4.095748681838519 3.764350502107251 8.112961695838079 3.5825640193453228 11.83049566064944 11.448511006303718
0.0 1.4277227819065583 1.0432868000566637 3.880894682320729 6.463331084972487 4.103414157387305 11.556216784657881 9.35251547847565 10.118181620776916 6.755812378183548
0.0 1.188327192671936 2.4564302377711265 4.0369928236031125 4.986103871249312 5.9019159492158035 8.467955010111117 6.611661410317958 20.272508145671498 10.046907965794578
0.0 1.7173905051255118 1.171912006997162 1.9767860896548806 3.724123552388723 7.384351010124642 8.370648310842789 7.1280011972209705 9.380192905692823 6.752726123718704
0.0 1.603254064661061 1.8401125423846052 2.869103709457417 5.783954005357017 5.555825991306538 7.10108681068219 7.471550881649244 9.22998621596857 10.894487417390721
0.0 0.8409619910351309 2.8281861743322145 3.5879248863778175 4.698260180252414 5.695310047772344 7.63441041234715 8.414508078722399 0.8157446312414101 4.1637152380165565
0.0 1.5674902286256538 2.2734313911134993 3.0650462820516773 3.083757093954527 6.402121113600803 7.317609477981513 13.303991109649154 7.888842663652798 11.14313453981521
0.0 0.5120402824795333 1.9548630149712698 2.5973006372636065 2.4135635024207907 7.3069346450688375 6.3212875948292195 6.020900405453467 13.642322968229294 11.111300594940847
0.0 0.5389088373725992 2.4151705565052 3.0847785850642824 5.53364955673611 4.582424733645805 1.371547450463444 6.494285022676759 9.169357580893497 12.907046732225561
0.0 0.8560434178471141 2.9852112264881696 3.661081263118644 4.589965524926408 7.332099111081745 11.680106723899794 13.140279103230455 6.349713110902397 10.022239668812437
0.0 1.803582958693302 2.0710249547873563 2.273975681809759 4.221314079875499 9.978343492544251 6.8204924319120455 5.961122256104859 1.760062517853906 9.911260554036488
0.0 0.7320667341879614 1.621979031905525 2.703620818768212 3.790587826685823 6.527805438294178 11.64403537447168 5.534996621222009 8.015959421001654 9.076362561017689
0.0 1.4009272794638874 2.4055160210955036 3.42543751635039 5.492321644359628 4.1798607996384005 7.9272704537910625 10.127745519151444 9.265950395476365 16.547978225669574
0.0 1.190620919871802 2.8136630247324024 3.784776547838026 5.8496697009930445 6.122668237629869 6.138088529304347 7.618257312717412 14.841620774732139 7.034944382509424
0.0 0.9618449818431934 2.673110763272352 3.468581054450324 3.1525737587766187 4.138165860548302 7.844631898428362 6.705291271484673 8.778419570920326 2.1908299868285033
0.0 1.2587723487049054 1.7097257050588601 1.9718348674897455 7.049747370918213 5.975890769027273 7.182963939021874 8.501789586043277 8.981882801436257 5.698468800362136
0.0 1.2454862092295398 1.340731222166721 4.088194526203307 1.2931234848578539 4.917140417262543 7.069325999799995 9.377612015710723 8.474492394175135 6.950731189567279
0.0 1.2701168595518717 2.0993122911688515 4.244545913122814 5.525680381677712 5.243894938882656 7.973500573752279 14.192196969272365 4.724674965276329 17.118338779753564
0.0 1.131860422574565 1.5291512803690586 6.830797283166801 3.9574344750959507 7.400592358141566 9.014753471444818 7.695446334661858 7.101944775849058 17.422559804534473
0.0 1.5539424406996403 2.752528954179348 4.511868560308477 6.751410031994094 7.096874293310694 2.3935381426518445 7.062796326623508 10.39972487858024 16.79227841908304
0.0 0.46521041139656844 0.7757583649014049 2.2527911670255816 4.7827545686343536 4.696363568711301 9.917128102003206 7.9150863281780115 10.100045042611434 7.290938077409522
0.0 1.4500015206028982 0.8352170196119251 3.9459900332130053 5.721020876607365 6.05049944146341 4.976733906345655 10.157852463941124 10.168155316508889 10.542039181508532
0.0 1.013043431212421 2.6219344017442174 3.8204589651967864 5.452404855218426 3.8226717779883597 5.571828166743725 9.999023361024134 9.359565454746662 9.582487035437993
0.0 0.7831755161525772 1.8177687217976004 4.170225573790198 3.5426186106855417 6.964264199610602 8.497955695671779 10.130074968200004 12.86651930130629 5.807828004624312
0.0 1.6228327881619213 2.3787064817746755 5.114680388656537 3.553309891949469 6.840280769942426 7.249052695094456 7.716037276415171 12.187077340872262 7.626608728045078
0.0 1.48258405430232 2.2033499371323604 4.505969566256177 1.713205914191051 3.435580931341599 3.3008873543549235 9.845408231027552 6.892166141289285 6.101691139788418
0.0 1.0083536190304387 1.8806542846750023 4.3962926512206435 4.592133598814138 9.351543641045572 3.8634977057277116 5.666144027978834 13.071354907158067 13.293208588081306
0.0 1.2325741957768237 2.377530006377906 4.223293732763137 4.037736085278233 6.532690618422346 7.9687914147084715 5.1920221300936245 13.496770574712023 7.924444071155677
0.0 1.6692517089523105 2.6230062046063702 3.1781951894734486 5.317455535515421 5.594262079789653 4.361446408521438 4.984149346992438 4.251292282053433 11.612580031158581
0.0 0.681427440853001 2.7574238471235195 3.089168642464641 6.126674608623673 4.577940818726467 9.712633825441745 8.981115390706869 11.998124926808103 13.60081565893035
0.0 1.236602539125711 1.8473766542189054 2.895529499918781 3.8753882877582226 5.84740051488378 7.420344234188482 13.695637018684844 9.406776957499039 6.573475420301947
0.0 1.3269039341280282 3.2257458493612443 4.395509482444643 4.241190946702892 4.302180483505792 5.0164084585308935 19.216029314672497 10.86898795618627 9.080841243580116
0.0 0.6551491998310056 2.929047195157623 3.146853881122941 1.1924075803263172 5.912706167599905 7.620680746390725 5.361527752420352 1.3176450599216445 11.721396160414285
0.0 1.3488634003539532 2.0393201015890803 4.623951600349229 4.017896461177405 6.715533276554908 8.1450306190869 8.896876447696613 8.92837365028034 7.0464444565807
0.0 1.217262719720202 2.626348492591846 2.7856040421990667 2.893609465009976 7.458485129359036 3.4135792214418235 10.87084488204145 12.518204732437024 7.169064338484671
0.0 1.1017567935764443 2.4729770301047473 4.001729781951905 4.0578808206948676 6.2192172126776555 7.154193867054109 8.129062039328645 3.4236412125136777 10.894064807076948
0.0 1.8204761436725743 2.0240793543983937 3.470493502170735 5.300337653313662 5.100702855076121 5.5043541671601774 6.647627790720952 5.8158019302779635 10.554630600720468
0.0 1.2253947877065416 2.002309348359866 3.2548514234755332 5.41802237244879 3.931361316210286 3.29782004950914 10.650230571106512 11.789748479707757 12.845138198615338
0.0 1.3088350885493103 2.853468091820557 2.8520267245644315 5.2570589147845554 6.676596626516131 7.228431315155554 12.41681918221989 12.029626039586955 14.868238529203104
0.0 1.7107909429789594 1.9273234232904983 4.191751724227012 3.1088186518123577 3.8329921312812267 8.608544867072466 14.021193695472125 15.594559799910336 10.722333537027582
0.0 0.675740501398313 2.77344713842744 2.7862208212655055 3.956574629439598 3.7659953163855167 8.402382798038387 9.45977872212391 9.839969459066108 12.79418394329498
0.0 0.6352658591495126 3.310943823670549 2.973666915402052 3.5947189676600235 7.3616864845225845 8.4442994957127 10.309843796239639 12.244716412260463 11.274283045353698
0.0 0.9904624080513454 1.9354969263151585 3.761385905108777 4.593333108284181 4.676980567904666 6.329766180089942 7.040980780745027 9.853525422621933 7.054591963054499
0.0 1.0020256683279183 1.7877623591733667 1.84724745710696 3.9897374351982076 3.48017126289296 3.2530467949068154 12.188787053450648 12.283487680980537 14.589249464692957
0.0 1.005861686778792 2.536694420944106 2.9289218129162293 6.35790403738193 5.999327759944661 5.2401665972472795 12.189584221251232 6.972297851016764 15.289013646857894
0.0 1.1565561502177766 1.3519254401854586 4.29819635414413 5.03052895659992 4.947641382512082 7.946720829749052 11.581572817017694 9.883527674997033 6.624677383423254
0.0 1.6689741949529127 2.653131527169191 1.7894845535683572 3.643915284520852 5.2923805842282725 5.680656656866151 7.951081057951491 13.136501051077717 13.452657799029978
0.0 0.6586906552946552 3.143210795046999 4.0505722368269295 6.274233761996749 5.3543274914741135 4.328248047197062 13.080874184068469 8.931446934364882 8.53998300575914
0.0 1.2493751895904397 2.9210800867290434 2.6352123242849776 4.424492994655457 5.82041397869336 8.650915560822668 7.7293074994576205 11.164485015860933 8.381122397335336
0.0 0.9091875081628786 2.079931508027432 1.6477185218928825 3.4385072132980765 3.07029794186941 7.243762067865851 7.779039155487246 10.05063333667157 11.223830278442925
0.0 1.2877250980220294 2.474949144567265 4.247297001923325 8.317080382844543 7.731711115815964 4.175827437110486 8.776211512682643 12.094510077458157 10.121272717659755
0.0 1.1012586338204797 2.5455773953435727 3.5107272166833994 3.6609446702112765 9.501120747374618 5.8693423666063245 6.568093656674756 7.119273190870788 8.25579989703893
0.0 0.763380109295088 3.3550386636557494 1.8399597218804875 5.752721885419183 6.750398665672612 4.105609757059351 9.733765154557657 13.304465084871865 14.763145613222587
0.0 0.6601997058811441 3.1374544899269043 2.4782772617156446 4.075210031800582 6.720791609370984 6.011296293629412 10.271362801143978 8.119761342076014 8.576817417346021
0.0 1.6473448190717392 1.40647341284172 4.843031189540068 4.8487516123190195 5.575480817911877 10.936891618855732 5.8652863459735265 16.07375474114791 5.436317024312215
0.0 1.157905126584274 2.02701216837315 3.4513996126957 6.318496643444019 3.2715817174282993 9.495029080619988 6.0811555645778315 6.310286421713546 12.460130956769973
0.0 1.4337174129433188 3.1649335374998526 2.9703273507523362 2.270031119982481 5.067522997088203 8.667580585078989 11.724733991085674 14.686928800268943 6.936548933134496
0.0 0.9944026332417828 1.3394934133748453 3.1172208140439444 3.731432348730066 2.952771590375573 11.189718914297147 6.497502042938271 7.567136718926899 9.823624634688944
0.0 0.6470354331062451 2.0750724504191322 1.1698528574082856 4.085133483076858 6.673204375215588 7.812335586606878 13.55053574703985 4.927888463824978 13.414840018740284
0.0 1.052061767002495 2.4044747193170988 1.8146388763297319 5.6318806743745675 8.473661902096532 7.27786652352567 4.941565190803592 11.530931381189498 11.645258073484385
0.0 0.45360680651776264 3.4839570045370554 2.3074043972002913 6.4593410984748605 5.578835913911409 9.56129360497426 10.007183457276929 17.90099117187755 16.580411602681124
0.0 1.881979141080667 3.3516527275583075 4.479309664867843 2.5204813240386867 1.5227841843879033 11.194109201812775 7.461792504782301 10.166278139208703 10.883353604646093
0.0 0.8997189588573928 3.460275057252339 3.4539472334727677 6.194527742287334 6.87219469618873 4.903474909078174 8.908298301283802 11.161461108388083 14.433581476710101
0.0 0.9213185402647331 2.1468399212729916 4.071483969399819 4.970592088053799 7.212271303419478 5.202499881473693 6.728114189570603 16.84221720648565 10.686244044638608
0.0 1.5235361979002942 0.9137633048563503 2.9431163336718376 2.6757077029914855 0.47517515950191985 5.901499978838045 11.317048428967336 14.685013595694604 15.003353539642571
0.0 1.0484937315642024 2.1100900137024348 3.3780821425838523 4.173415083738471 9.726561823790776 7.410471823231625 9.522362147737953 8.28914428301151 2.1965133787500473
0.0 1.4964464859134945 1.3299697219190305 4.64112919158564 3.091150909295145 5.172922584455962 3.040833250901948 8.105283693389046 11.70423467284282 8.165163241141759
0.0 1.7942430436366552 3.1457588969174024 4.16189890953248 5.4800064917533104 4.450562055719441 8.637379498461252 12.477862176995087 9.553325406649677 14.713910333479204
0.0 0.3940790696952764 0.8799782012241345 1.673153029212848 4.956415445110574 7.45920680221998 6.426007715092973 9.523610044471027 12.414650820677737 14.387049770837947
0.0 0.9951201051144659 2.7356058527378035 2.57248207999601 5.143081246217298 3.5244638308584224 9.395236882519018 7.482647783617926 11.84318035975181 11.177639622136434
0.0 0.5562515164726365 2.0267303497975444 3.6074573151297686 3.071774612537027 7.093251009609794 9.331537611401533 10.744571306940264 8.958199492256279 10.228072558268533
0.0 1.9146996444318065 2.2603837016903023 3.6343919826949658 4.389981058365824 7.47669958114799 7.742200843288196 9.21260711815826 4.5526405520142275 7.666344918392293
0.0 1.186459532629254 2.702448289669892 2.4446859447819547 4.617997284130631 7.105334420924236 7.729268620992724 9.301502303874166 6.883055759254007 12.478532546168392
0.0 0.9063213328500223 1.385362784881126 2.1429031540197148 1.7799049485053102 4.778109979067639 9.60095894044291 8.381855049284296 11.308968271343884 8.756096309416021
0.0 0.9593877571648515 2.8779065289455135 1.7304253373426317 3.894142893023678 5.674300333712345 7.2288121911310705 5.432830794152493 12.151135968967859 9.811490176872775
0.0 0.13355945204530112 2.2743393577402733 3.8003344917469004 6.151521080371623 7.729373841222382 6.952751002701473 5.325913141921883 5.225543941118289 10.532700253443453
0.0 1.1371969358183074 0.7867358392814529 2.639326434054849 4.271213697129817 4.268330637689679 8.755470617218915 6.66323315258953 8.29778490404824 6.806290234962952
0.0 0.9099883855497675 2.110737742409564 3.906789059356878 6.600080395668859 5.658739710799498 1.5973226356582548 11.5123679377959 5.250700043669338 14.720172824227584
0.0 0.7522889263494487 2.5394354507804695 2.9382272152261715 4.82519946842796 5.026345267337554 9.522438584060467 10.32722770111396 10.841450653891687 13.644543257129298
0.0 1.8992923392347358 0.8337904603176901 4.380757774417907 4.939008141143983 4.3468302144979365 5.350350234066915 2.969633755970296 3.940338996688951 12.41884491324101
0.0 1.924552096083393 2.528932381020394 3.1565348968188434 1.1297261533014513 4.6384525383475586 12.832002768224577 6.037528076108801 12.13465023198682 9.283683360579097
0.0 1.505914847822763 2.2947900761760915 1.8890760268500348 6.065780621943985 9.241715989623803 4.7487789733428505 7.829542370534416 10.256110290816382 16.24689850414501
0.0 0.8254157314374662 3.1458309853967004 1.897153915899854 5.8582715276320325 6.115263665657878 6.510309638512012 15.856673115563675 13.585749413320526 11.671330477453163
0.0 1.3777260124078503 2.5081274889236926 3.9067462135146807 3.008633077703752 2.5612349720762215 3.9575211534911645 5.727469775927165 9.33572776329496 1.6604763423893412
0.0 0.8685701265119885 1.0637453123404355 3.568474286274113 2.6822800950800048 8.064838854338094 10.992073116857368 8.848593327704469 14.205979451755773 14.390050925313808
0.0 1.1625376890831747 1.2630288773300509 5.834572601184244 3.2047511130778594 6.9728677483133135 2.812800410958018 9.535002168969338 12.458507693585927 8.683041016065644
0.0 1.1205524708351857 2.2757498643831235 2.967820410206138 5.2464292554480245 6.363276951500246 6.554029299600907 0.5828272930319146 12.358765122430194 11.396481022646375
0.0 1.2949572759057735 2.7202706493792324 0.6589192421478067 3.644158667448811 4.7917443907922825 4.783056619734728 14.670110051079549 10.906676710145177 12.24318633199644
0.0 1.7763053463586191 2.5849975517620676 2.5227656573059396 5.712908146984719 5.455207304825108 9.563516056271697 17.821132971658017 13.308897651884644 13.67818890075321
0.0 1.039396878542126 1.492504358260593 2.4804575551168986 3.247460819579121 4.34241421026199 6.64424733607672 14.563823444259668 7.39980456130313 11.559834869606442
0.0 1.7423256263922524 2.1615441891346014 5.291816556331119 6.906143226872602 6.331538416319541 6.02592122618452 6.686196334758431 14.627014222910784 19.648487772715868
0.0 1.8764308035519712 1.3231707697330757 4.39334005573871 4.106491226299561 8.742549856960109 10.477445907174582 7.583625546840604 9.43457743855041 14.023584013615865
0.0 0.6827392519790035 2.774553392852174 2.1233250148742995 3.4980903741085854 9.071871056667153 8.110981892753394 7.058515614060755 11.522243409544112 14.762692538280893
0.0 0.5819484352887406 2.02219867811131 4.765871471762078 5.228385955955407 5.138446119551684 3.3447788055267322 11.468531226708137 7.80220116751027 11.331958339480181
0.0 1.7218787481058098 2.20357105609946 3.9092884154704834 4.194520701104258 5.161953843696735 5.055007151919623 5.384142138916884 7.972960264097998 13.273078390986331
0.0 1.556312081086875 2.1769382219893036 4.36353050665893 5.4151687141774065 7.788451224215968 4.4599606653182935 4.23960101884676 6.529231935058805 12.820744121693687
0.0 1.1108502120645507 3.485440087906911 3.836994440139255 5.189026839718482 5.9812993705576885 4.822601692368005 9.709777853352753 8.246600685077768 8.261482498055418
0.0 0.9565219242649633 2.759846451511589 3.386433581048901 1.6170431552855753 6.806399818553621 6.870864428047654 13.441342519135835 9.720756872474368 8.208090864024111
0.0 1.081239215284997 1.917035088300393 4.005847242529268 6.0966252005254775 6.388547308010693 4.346504886098172 7.6277547431122015 8.217810951661045 5.9324569927420985
0.0 0.7996752320134755 2.172898074295803 5.688137432775025 5.087456233213295 5.940877800469638 9.781936903220979 6.2528443178892745 9.01960574413007 14.713937632217663
0.0 1.32594704586189 1.9333484623905335 4.02077535523578 6.743566894068254 5.633521379841928 5.965636096311126 12.23740303878494 12.307164252964677 9.602913497621607
0.0 1.2253754188057522 2.899059052620299 3.854028774040352 2.9365625868330896 9.390018957867731 8.527061818457286 11.588911512978163 9.854182792450162 12.097949302698323
0.0 1.052565798629664 1.4098848374693316 3.678017484337307 8.49627204303455 4.62271828515691 11.330272557711424 12.510546702902204 8.978316897350066 3.9444489044385467
0.0 1.1939505201038108 2.9416307085028155 3.3342492419098355 5.411120732215432 7.650764654106355 4.5467790641430215 13.920657716082863 7.932455026371293 9.899477890369019
0.0 1.0997568477227193 2.9130722197574923 1.7702392918787049 3.2795321979266463 6.084479240452802 12.852775000738518 6.132520026374448 2.535060580091812 6.1712122586034335
0.0 1.5652617161100113 2.8936126055782876 5.057977149662491 4.7913448977108715 3.256873180027619 1.9899046434825223 10.672821311697229 7.029877094070109 9.543431836050148
0.0 1.0496475764375923 1.0579075301622092 3.121354920300355 6.437864315224897 3.633584004998152 7.9811916463753425 10.557634213122382 8.623861272907991 10.655112118274028
0.0 1.2368265871215522 2.7535260479587578 3.8932883330365 3.787750495866343 6.641836981067594 12.0209044356806 9.810892974963684 10.232887225569632 14.33322107532075
0.0 1.3636733468915743 1.2899676615050568 2.391532873312544 6.209915673374662 6.623250028711288 7.637767800486951 10.207518989602214 8.917084843490668 11.099267965172873
0.0 1.1581142820421593 3.1066289158889147 3.976762194711173 5.866974227003347 6.177945011602229 7.6968244831619845 6.85334642950701 9.376387053178618 11.145776619903344
0.0 0.8091184882438525 2.359953582552213 3.2723614107580885 3.896688784458619 4.714875486091216 6.964364029870692 9.26446393337148 9.620688757003904 15.16114468461102
0.0 1.939143420001038 3.4078396363933523 1.3453388539533677 7.9706573462583465 5.999416517561052 6.283125814996028 8.404536617358344 8.190632225211314 3.7129790767111195
0.0 1.758040747649763 1.6769015639555374 2.985282362263951 5.738688500279568 2.8886418383370795 6.082964272134225 6.464358846969895 7.85014953405351 8.15487885411194
0.0 1.03835008188294 1.9741774874873308 2.396022335211574 2.750950182662368 6.746426922101211 8.379889414742674 8.32693209426479 9.597841736583227 10.520976965211629
0.0 1.4967506746505217 2.3595707097065985 2.9264229925282934 6.0922073883207 7.584470745875676 3.945803209594155 8.213376404825937 11.963849740592902 13.035375903033872
0.0 1.618304158376308 3.278411791748875 2.278378831339771 4.617249564661899 6.1147186476885045 9.164354005562544 9.073395442145426 13.247906900218393 10.826592521557336
0.0 1.1941908644499457 2.031536479520952 -0.34134798848768266 4.7711573163595675 0.8978763392839639 7.005585636440263 4.60593864382085 12.543422242452584 5.50772254879062
0.0 0.26748437805043074 2.320050104686471 2.657375518446288 4.540392454927179 6.723983806469674 6.839342251027714 12.54238580966316 10.449298685379164 10.809265183070112
0.0 1.5538483691489111 0.8011755963167724 5.038629860811679 5.313150557217583 6.286269420947146 10.63829895356366 9.043923048709276 11.655992466231927 4.872737753295134
0.0 0.16015020290523221 2.001585540782304 4.210059188422105 6.682700728765447 4.629115068176169 5.966573038174268 6.319012966061392 6.588402889417638 10.866905829570914
0.0 1.4166622440681702 3.0776191959053936 2.337172758741433 6.840424205943129 8.77431208835003 7.895904287452852 10.308631682494923 7.143064770726641 11.098782608131595
0.0 1.280730089827237 2.562011897888622 3.6277676879775513 2.0687866833660626 5.002270053163062 7.842253473155628 5.387861404449664 15.387890340438691 4.828519150968745
0.0 1.446469000592887 1.4237824575402223 5.060069299110988 3.2031131530644497 4.006820898622627 7.146666860880928 10.925104446272577 12.916580561706546 10.1993364898535
0.0 1.0248316898564553 2.516507406959557 3.7115589086119063 3.499250871130361 3.954677114905239 8.453907227625368 7.971000512307681 14.337877141156863 21.766426943771485
0.0 1.302346978265899 2.5495409857326035 2.6933999697915474 1.7211881241267226 3.739453369433498 8.561634385921023 9.355291947918515 8.151452587666231 18.458889516470702
0.0 1.2910660730182268 2.6493111062438364 3.9182987105643465 2.2129574298254417 5.290570721232448 2.2923501136543663 13.00245005523793 13.721540151082202 4.117629488560809
0.0 1.1313103773760569 2.671139632868162 4.440580095346961 4.3780144208625975 7.8528560728038235 7.197927020320786 9.0068028780703 11.660575654746841 9.375338647795786
0.0 0.9241686872583378 1.5900507552435308 3.3785506084582244 3.9672456818489588 5.222021445226488 7.9638663297826655 8.184244967656886 10.291596609779054 2.060293895738249
0.0 1.3780147574218096 2.8114338423413288 3.0734085068326245 3.09426623462376 5.3757555190775195 8.507672619751286 6.2336512063754315 8.851632281927605 10.963727227951482
0.0 1.652344756192664 2.037610342875561 1.5061193482359305 2.7608168547143133 2.9295193943264777 5.177923785581875 7.787585069880128 8.010275219156895 10.813351697498828
0.0 1.239790537847327 1.7210549266921358 4.579631715087518 4.200577086372688 6.176843858371693 6.01319535574 3.9086176731378 15.344064977266905 12.913558363735504
0.0 0.8734034295165614 1.2420850045975922 3.17948421743062 -0.7632096091043173 4.699201551201813 4.498259145884139 10.87056215430113 9.2277174687625 11.422109231548003
0.0 1.4847740579602344 2.8264013281843967 3.5876680910656766 4.759123913931678 7.661347572470284 5.919963394760236 7.753740858243839 13.692861941083393 8.978148989456324
0.0 2.084667441606015 2.4319767806442636 3.140323336154523 5.73469739869299 2.779788848526327 6.1530532191236835 2.5560333502319263 8.18979681253364 9.22708067474783
0.0 1.5736223734578851 1.645458676689847 4.1462234927916635 5.563813333603054 7.853837971875246 6.522912706840663 11.429642623788618 15.487989124591122 8.351503066612995
0.0 1.3128230845498647 0.8386877090266418 3.296471154448159 4.478245131283635 4.835420746886121 8.19561503657342 12.03234494287808 10.109845662581586 9.950392837975908
0.0 0.9094771242374219 2.397560386104218 3.1164293255304645 6.598497945731029 5.8014013375654345 5.3555158129464555 9.967164503951304 13.775057518780844 8.56755249985922
0.0 1.4022416007318408 2.132914312569021 1.3964652683646483 3.778022414020346 1.9688068468991324 10.903638160930505 7.057298860773625 7.972257830009624 17.242577145773836
0.0 0.9662537982501626 2.086838372877099 4.375369354885288 1.966351040259994 5.02099556688467 7.566708849629608 7.117856226644513 6.666420122625303 13.742915724151715
0.0 0.6923626923683406 2.8190793200368405 0.551349649148195 6.919658700673055 4.947106764312833 6.428374162873291 2.1324266412241326 16.048432645932532 8.240768645945412
0.0 1.06974988477259 1.8445640686597977 3.9684964640331204 4.621008414007886 4.554547276738011 7.851690710171198 8.442558652173712 8.490727815963028 10.117571198453202
0.0 0.8863842315527626 3.5558573300446707 3.2651611242054965 6.04271368334189 6.089137677483347 0.6535766316697996 13.410091126838212 8.250521449307449 7.556442829772017
0.0 0.8037899185255588 1.4805176267530156 2.59317917608697 4.530786706418327 4.255040801699605 7.480518683028914 8.357083371510981 14.649510452150073 15.513044590295596
0.0 0.8434085088272995 1.6199183278373472 2.7837684617331986 4.809852164957014 5.979034146732922 5.839718538080714 6.462250549741087 11.212615659872158 13.826164409994325
0.0 1.5780611313032988 2.655588900703665 1.7272750007905406 3.751450951502336 6.7363636939246465 9.177539303548622 10.38090857536732 11.212420979826476 3.0917572029333154
0.0 1.2558061193441814 1.8631082174207476 3.795575952276058 3.0049259650290865 2.76006869667837 12.688441861926737 10.193875662889628 9.082804533548408 6.540702668511165
0.0 1.0975382319987128 1.9780923699357282 2.123574320251268 1.3395055883060916 7.277773158652472 5.332977799441152 11.334792579580293 5.51082727450766 12.470698307859564
0.0 1.118460684986767 1.8535996423386274 4.270765860993577 3.2854432357010093 6.7024713298752765 7.663381877639058 13.834809970092444 4.06938238463346 7.616637388878594
0.0 0.8481608623825005 2.612010438759182 3.409992345038613 4.885349109549366 5.0841641859041475 8.771750340798597 10.579446431649535 9.705474533045365 14.063687051484884
0.0 1.2799509765761963 2.5444834816992374 3.6537497479012297 5.24721661152826 6.549749417655844 6.627083581967338 11.45988724293452 9.373109130413843 9.257323859257358
0.0 1.2767035119324206 3.026589750355172 4.675229013464812 5.96618493621445 1.2832328477277029 8.85706836752678 3.1342224000695778 10.322788523385134 8.643549890254613
0.0 0.8804064907616858 2.255797943306437 1.3273206771165058 5.151850722495674 5.911450731732694 6.242291149963634 11.230121543898212 6.8240571936817656 7.965620752591285
0.0 1.2549980972201105 2.7071213560266933 3.4798563628774586 4.536932870629684 5.99697538391477 6.2285517377556285 10.418356199006812 7.164060776961254 14.10087049935587
0.0 0.899541077099953 1.981572057212016 3.356181270338078 2.7014090899907046 7.254255405877289 6.6417975888150025 11.313422577750584 9.211884892848826 12.551105165137376
0.0 0.7082787682725789 2.21046071885611 3.8929517203150628 2.3978156284597545 2.786953717823063 9.263880815214932 8.78314280172263 6.929102868737581 13.102614554454865
0.0 1.8809212319856745 1.1562760421912717 2.8224171158660987 6.899834075491355 3.371209922548761 6.218451298495468 10.603611971142431 5.717068441780081 10.803445244132066
0.0 0.6633424636180347 2.9455167351651506 3.9917818273845977 4.749489666951336 1.9766744706898862 10.547427214188616 10.519661257140186 9.802066131774174 9.986311762019255
0.0 1.0336307549158408 2.1364399761114057 3.648036946275422 3.6221631599371635 3.8533913036775136 10.40224880022208 8.221969007904159 12.395285277044982 8.24377715221766
0.0 1.1786753314326535 2.647426083593407 3.311609090163398 4.437532059687534 6.414762471462125 2.4727911160956375 9.653840382569413 8.47443578825588 18.921327959173826
0.0 0.7133614467628561 1.7042927668635544 3.1741106432979653 6.303417908356106 6.300592259812692 8.70482929236446 8.363391223152364 8.419498742561355 11.08414113931367
0.0 0.9865963980448412 2.1208642172174077 3.844466067846623 4.935564731588574 6.79511080517398 8.052001353212285 17.068944187916063 9.325933024994766 16.973274304181274
0.0 1.5232633365296946 2.972943096464709 3.755597070129652 6.06867102814738 6.828111207469116 11.343909847242013 7.622802727154056 11.858448702404607 9.927714050606285
0.0 0.6623406376611259 1.7807563701376428 3.6932199757606323 3.008609757958659 2.843849339137362 8.923137204699428 8.230130213928566 7.203261391882817 10.418104066143915
0.0 1.621411523920942 4.201942572925129 2.0456260124867067 4.198468795266878 6.9064177663737905 5.922340033014852 8.671658352699827 6.847360561961251 14.603636484452538
0.0 0.5986651729016292 2.347651858665685 5.479473109984957 3.9981097718747938 3.996437317591956 7.983503166685613 7.153540066880254 8.244981543084428 5.647144083513826
0.0 0.4793729522276967 3.0710881377965014 1.1563859385083775 2.3657065336439405 5.227040051069574 3.2349880820049024 12.94524447320076 7.731636518303121 7.727000593454943
0.0 1.1213627668621293 1.663408956891878 4.205496352510522 3.8813509512763362 6.526503303217324 7.703789326476798 10.75367307042886 6.96212172025881 11.484450486701618
0.0 0.46271355518769036 1.4646418145335316 3.87028208644628 4.357990477050836 4.384530857623591 10.464029458963761 10.264968756355927 4.512193591671271 7.397340628265821
0.0 1.6316562119189488 1.4644530795081974 2.298606914566044 3.2577833937653495 4.509915087626478 4.284571622287634 7.857224433458262 8.256713046412173 12.200247600349956
0.0 0.790506337157732 2.5944829557838607 4.423053808693691 2.216200609313963 5.092133520006759 8.529421994224442 5.082493721202132 10.174237160820207 8.67643054486276
0.0 0.8989611814518301 1.4801560410638108 4.438640174219984 5.545810531036815 4.134773679238617 10.370685078395645 10.157043046837797 8.141294876967518 14.986220003447755
0.0 0.3132381154577757 1.018231207993722 3.6328018700880023 4.681219320208407 8.170981079416007 8.863138342333107 8.512016815564653 7.898698487847987 14.928262649819834
0.0 1.2685421601363793 1.790310697965647 3.867421819548704 4.423109336228674 6.3463295982555605 5.550189348436967 8.190500495842139 6.858072163152584 17.294478731285295
0.0 0.9114989938739372 2.1546332237929215 2.023475372740036 3.421084908779667 3.2328892727390355 6.484836093820563 8.975163460969656 11.29120289266653 14.11494534459426
0.0 1.35769066249424 2.454453387241466 4.559086099619981 5.6837167838088245 8.052989508714859 10.294778381613282 8.443237661996768 10.740298584727705 12.034255773937971
0.0 1.0804361327244287 1.672856575234927 2.7162155885801003 5.227525408507543 8.599783772677618 5.556612297305466 9.165830580946174 10.734756071852626 19.039749603706788
0.0 0.7344965793032631 1.7860173103907 2.9663011520764306 3.631230203816021 7.157359838845322 11.798706749249705 10.048162382286668 9.014506819027675 6.2793698376622915
0.0 1.0552363604170107 2.0516712899233913 3.3852539494265503 5.815239003711454 7.272408974911784 8.68665368459133 10.670313203683728 4.0792711500852645 12.128295424931338
0.0 0.9657470139395055 1.157075153657375 2.2740465203289215 6.4301110831112425 7.92728902206304 6.8754953379745665 9.205562205887897 11.68786195055955 6.641275951352204
0.0 0.9535324423143601 2.521515555390828 2.6902282942523574 3.067585188694976 6.628265636674186 5.661204756307061 8.289924211799306 7.788319680863024 16.18386029992462
0.0 1.1480089586707358 2.5341777981654867 4.323559300805934 3.459266443551775 5.923237806185621 7.68697535860659 11.86337479863278 12.58454405186371 12.730710737326358
0.0 1.6349682830684662 1.0064697951180903 3.1809087514856014 5.770301704598108 6.8472070664652005 9.942633062429902 18.98521358509223 2.928560682236126 7.537981282990641
0.0 0.6075982770778532 1.78769295531735 3.806440199272521 2.9801964146829336 4.97142505008485 5.018114379770645 8.393819117945856 5.224523510111526 0.6131121073837943
0.0 1.2172270515316153 1.9514954097495234 3.659829114913244 4.866292035590569 4.682031268664125 5.9882736753660915 5.515731537670539 13.152262407550015 16.101126959589394
0.0 1.0655564447214787 2.743009100797059 4.294177642261243 5.131722030114862 6.414247011425507 9.761304185845791 8.644343151680053 11.079286018679978 5.487686892589897
0.0 0.9780397143219172 2.034503102838161 2.2460599760117237 2.726116542309078 4.916132474169982 8.539796417386762 6.453964995406186 4.631971914764384 12.32660909661373
0.0 1.3090199989822033 2.2228719960355843 0.5741325561711599 5.704579688120767 3.644386881659368 9.960418061006056 4.196169319288743 4.731859980425836 14.638252702051139
0.0 1.4676352432392132 1.7706864221382441 4.378437914226601 2.237852404743678 3.345233580481872 7.5032200585464395 5.804699484155631 10.139836494556885 10.711039493952905
0.0 1.4545156420312846 2.2075299095666807 2.718813692806105 4.588454721266183 5.523868589106581 2.9236510910728053 10.832621421135595 1.988717200175114 11.866083714651555
0.0 0.46059407281167697 1.9759994738021491 3.1491499818516964 3.870175206560228 6.321848178616168 10.33234725011406 6.084189286255518 11.276843210934988 4.819311252647401
0.0 1.2571329569456162 2.727787268341397 5.21524144204834 2.0551892912615357 3.8072942201947226 10.579249077334053 7.848923966686278 3.4290933649074566 13.901110342125302
0.0 0.47544889377253957 3.7075856671559606 2.4982190582799326 6.68864788136429 5.215986973291661 5.977867134771684 8.835260816444569 10.833418854704139 7.492722232126338
0.0 1.136157361131149 1.9651599683716237 3.8375659680939718 4.302198610049692 10.213721825983043 7.109254142237152 14.79674837621494 10.555674168476827 7.761754690634437
0.0 1.0924302633438925 1.80476841423933 2.775053692648977 3.680654025760167 7.495865079086924 4.524631073250158 6.446738286408985 8.966206694735812 13.907721885453812
0.0 1.0660727203972646 2.9615819715000895 2.380453407663763 3.278212433746199 8.363044694105122 6.219219735093041 3.555458326051486 6.735678423820568 5.669875245272202
0.0 1.1988833675724735 2.8761783632628233 4.741986321219962 4.580025505193128 6.036358501546419 12.140598165445693 13.48642067462237 15.017630011242927 11.988984316124833
0.0 1.2977231990447964 2.8521020201055136 1.7559531774433914 5.348648825359963 5.828302456042627 12.81846496543665 15.590146244239984 6.342796410452622 12.695978925177618
0.0 1.2437983261337604 1.3057921073172176 3.801849953529266 1.878890355893758 8.818188018692775 8.290057681975053 7.372811627960119 5.302484494008435 15.791635782228733
0.0 0.9007287202756838 2.8844384238272314 2.512641571408186 2.320634001752371 8.306904449822143 2.2792638354152603 4.995185000899216 5.703173710009649 14.201476693507646
0.0 1.5679410464628718 2.1704007539199517 3.056337971404362 2.688854213980322 6.469300190630781 3.3938234554450433 4.8492779225737435 10.170199129014687 7.452365879375225
0.0 0.7176397414375437 2.3638461133331834 3.051309037010395 5.554473270406494 8.14375785186402 4.943269675119811 0.9387652094271914 8.90991672874033 11.49697986797284
0.0 0.6570820286052954 0.23935538637799966 2.6600638551138713 4.643629304592939 5.221159121141964 5.5447837869507 10.178204674976502 4.091833882603655 6.5847408029523615
0.0 0.9339598511188368 1.3717421230710465 2.062891389753231 4.558037101169927 2.634559520574668 2.5941924100372273 6.295290618087842 8.936318565097261 20.24262148652337
0.0 0.7818317556277695 1.4601094062809894 4.368723351847153 5.059473200004294 6.257330871572918 7.708102710317932 9.221111380144704 13.895467735771296 9.697732361238582
0.0 0.5500604730186706 2.5062880950495487 2.238707907336338 4.6189633679072175 4.801387571554722 5.079219753332011 1.627780263592001 12.615606298886284 10.058462284251704
0.0 0.23747062912308614 2.979597903138109 2.1798259150749804 6.3201052161186215 7.006170126109671 2.639448098466284 9.77249928188145 6.467095645936007 17.941627588623952
0.0 1.2419702830862869 2.4742260310730777 3.372688785200203 4.91435395746951 4.919977405525948 8.664925998615688 10.424905379533376 2.9143040982051134 11.034606543503054
0.0 1.6095633504125717 2.099920738281069 4.707073425131781 4.36875157744124 3.7582621372302847 6.591491282645444 8.209595324687422 11.1239526587911 12.68225700414373
0.0 0.5237994843185839 2.379049734643049 4.172154355131343 2.7131151476107105 2.2095014010233665 6.615514992901266 9.415053583798597 8.644362105447573 8.68217578884691
0.0 0.9837952545609717 1.974964756264778 4.0461046205312785 2.1656445351027918 7.088228855535034 7.863011851354996 12.403221916129354 15.611677852829214 15.606240105930063
0.0 0.8620516252189271 1.6869025662370192 2.7725134880459024 3.1780642863044113 7.727191155968775 5.719724055244131 10.85983311061657 15.349353466274628 9.209187913693127
0.0 0.05822626136286654 2.460347543016902 2.859062373540167 5.1390721771668195 6.783466652608827 8.624138275891227 11.760041606492017 7.30512291871486 4.825428706813151
0.0 -0.0806258186539794 2.001932623673471 3.073506698778394 5.855472948706232 6.009250084199767 5.78893175496279 9.139988684177618 12.678098764278788 18.889115138468284
0.0 0.9844153349977208 2.2241058900650943 3.720462253349551 4.252845982491456 4.086850234976738 7.772133050045215 5.745766447496089 12.42259197119572 6.99389835636944
0.0 1.850949094643587 1.3763706406906928 3.7062269623331376 3.1625547975021284 2.6753834210100305 10.840191170405692 1.718702873195092 11.740907211482748 11.832269286112762
0.0 1.6055313481580633 1.5531841987730282 3.372222856055319 4.857854067834559 4.144433683038523 6.0083200043389615 10.030761714482875 4.297589797457482 7.126864308041831
0.0 1.1978355914271714 2.259852304230448 4.890609497498671 4.378067377260212 2.2563482114120452 9.051134856632453 12.44359760739718 6.251497821399832 20.336300813353926
0.0 1.6130583210436105 2.3040992989504154 4.137428972865815 0.66070997555737 5.800356659944482 9.340385153880057 7.4373609473021975 9.810663353339889 15.84782736015997
0.0 1.4796677606734283 1.7089636657500789 3.4919782528329733 4.408694596911397 5.4450238814176375 9.721952964517534 7.668533361674853 11.759595081662114 10.782851400231257
0.0 1.5162871998928797 2.9668638305712713 4.6982709739375474 3.1565783316015814 6.398094731967025 11.202810635311367 6.107176808741957 8.488404434700756 9.50267697934289
0.0 1.193398034694323 1.7854723891815725 3.0236079626845296 8.054531362786573 7.739074814243561 6.525239315826234 7.113320100202823 9.472705899802902 13.976215510445668
0.0 1.4851579630668257 2.613342216556671 4.279268375805986 6.158166469757033 5.750511292091915 7.6006229511704 7.457549436066841 11.364758339756136 16.62850366151506
0.0 1.082267934800036 1.6327008777378473 4.198989291164464 4.064874513368375 3.727240138598319 4.2812621912777855 2.772784722575643 14.296376671714672 7.242578286669677
0.0 0.778391478776783 2.0862615835114795 3.9951619262870484 5.184551427409768 4.096515622949059 7.80071382498692 5.284740563477289 11.468798505687696 11.007639778806872
0.0 1.3750248819641517 0.9968588906131254 4.002452854594845 3.6505327871819313 5.661578119324012 0.6564343442985768 10.89680183453319 11.559446164302077 1.171432460045106
0.0 0.2461955956657278 2.607243264456258 1.9682515171933117 4.203639978531154 2.7931176724228237 6.860592590001185 6.243546813443289 12.852879464647756 13.770730139459292
0.0 0.5365869087895062 2.6635747625893016 4.752318985756047 4.02402493859215 1.8179930312857775 7.679218897634309 10.658557668047166 7.41614603484977 8.157514644226033
0.0 1.1553515191953236 2.3010124014994964 3.550991849225541 4.83697646387657 6.093254138851132 3.261967076545313 7.147016712758635 6.333284106983575 23.196554089665035
0.0 1.6775489887550503 2.0796461805323365 3.1114270136450615 1.6853901689854622 4.622047761342889 10.794872268077592 5.398063054499125 8.534208148493732 11.747207126988007
0.0 1.5937737688202958 1.7264775881166647 2.690837573075488 7.1987260211214075 7.078038352133154 8.055240119232826 8.283741431767064 13.524219332610878 19.045037456873153
0.0 0.9193249816554244 2.8721674537728004 4.496912435192435 4.404830064833915 5.914202889812865 8.575659126804984 6.268143863282243 19.993944152917777 17.20847039032722
0.0 1.7086659370129955 2.1049483268454607 2.8330426935027515 5.1760937295330764 6.042435497376337 6.761978007491495 5.974459684899829 11.127367955872712 13.261007926219248
0.0 0.8981219470044297 1.5397194203335065 2.360624239710679 5.269285499456063 4.906570075810226 7.183987907418193 11.105967887119794 9.943163771163679 3.334010186283777
0.0 0.7020412947628775 2.9141493090054666 2.3410867122381793 3.9158349013324494 9.338476391082375 4.989827512470257 9.544051072573982 11.568072343302216 9.5029576685663
0.0 1.234091137542253 3.189121075307828 3.9895675528926287 6.961658530891406 6.827890682194017 4.908859609183658 9.47612806090139 10.251720195575599 9.533199497168617
0.0 1.1165176830837187 2.340971952895975 2.766143582540756 5.588779030452182 2.1130939674372273 5.775269060774325 10.521796049716926 5.853382691850519 16.99637223918404
0.0 0.9941516820105866 3.6403511122096783 2.1295825759601286 4.6587582431894035 3.8519436744840507 8.15565106303883 9.740482594398514 13.257203101045015 10.917859510350759
0.0 1.0088416811942404 2.1301423919236333 2.588768594121478 4.531504047703222 8.072248382281247 7.875275936060695 5.965443574445477 11.651589369900215 17.326404004685884
0.0 1.7146034371301915 1.298609250111178 3.7585376135484756 3.7769370214773064 7.366030089725168 7.578263956188503 4.925757399000944 11.54613047118153 15.81495061911058
0.0 1.1682668274786523 2.216029749105444 3.031571974051525 5.235905350918644 7.713904318598249 10.143316176376088 8.580522454813927 5.382474789862843 11.618040674719547
0.0 1.0384005604647162 1.3675155850143468 3.6638402223321442 2.9732611650300016 9.977582051312636 6.333590614552098 9.55973856949592 17.221458057955186 10.706213428385043
0.0 1.0041953719426904 1.6870354081157615 2.4311754098674174 4.589561989284735 4.511411758169939 6.953747605138647 11.172198170650402 12.972701427724324 6.001660901831147
0.0 1.21762064745898 2.1089872216097714 3.9532050658575564 4.7610094631322895 7.400882288027745 6.354815559555097 10.049065017440983 11.525778885606144 13.009830466588355
0.0 0.23210235248224376 2.812186508398268 3.5709161535792724 5.323406602424137 4.798867933556065 6.155760562073236 5.133198739084676 10.429279358482646 6.855974664848894
0.0 0.9991133198983776 2.1389172648109827 2.9135765832774587 4.266713612066844 7.966264269505479 5.63445046672098 7.525082758969544 10.85533857315309 9.985197750820072
0.0 1.5945953763018688 3.426739601698805 2.9485089069251016 4.67344902785246 6.483883655757352 7.397014859958536 6.1918669733514955 6.801373245721768 9.673796360108573
0.0 1.4805482585007956 3.1433101302685493 4.313367465707071 1.7722720950076645 9.05385349494208 7.393104401969117 7.552043281830659 13.256523346029738 13.947435192107331
0.0 1.6453934160130814 2.354699533115837 3.870880727096805 3.4575315911029336 8.649620022015437 7.002956110172381 7.942065147579288 13.582902654957177 8.145062798461375
0.0 0.6552941368762812 1.0176953887729827 3.1651839660859085 3.1826267209257373 8.27722017761098 6.726131834381518 5.560556897106324 10.05565031977289 4.1526360390558885
0.0 1.6445209888924828 1.5174020197217224 3.5328615935937826 3.9111703603231196 5.817022298864977 5.849468323899631 8.858621832734489 9.819283858877684 11.724146919140718
0.0 0.7832887253216724 2.1569147876215977 2.799725030406785 4.504648640736779 6.118507047596022 6.239046066194056 8.98068139328479 4.217327844235622 9.278817411568138
0.0 1.2138014214910644 2.3490135364999563 3.5738952967977595 4.545182822150527 6.493486248863466 10.069129863108971 6.096094155047855 10.429160735513314 5.587624940829811
0.0 1.513214654292838 1.6275093965771625 2.7953759741092066 6.327237204504712 7.4068279498479646 8.262555645011028 10.858360164847094 8.812537381453053 13.396425140671377
0.0 0.8772290148367845 2.1810328459007646 3.890234265915143 5.965483344077132 4.356059784997219 6.969594848873348 8.260287284549307 7.1007122789011 14.836445892265836
0.0 1.237444613437228 1.7795997120246971 2.8588829934722235 4.250754781866418 4.535702390176695 7.926959236268242 14.211913792373851 9.105680533070476 4.594155131489021
0.0 0.8381355941057854 1.7273530402361916 1.9719275332864077 4.418997983851792 8.24515678321685 6.80763598224346 8.475098387699866 12.211370548286576 10.39402460842563
0.0 1.400371067106115 1.9400482277633306 2.637941447917724 6.02529362333464 6.025588057798865 10.049342803697536 6.955768581572981 8.378019299277252 10.26655969759284
0.0 0.9495865093571716 1.974699404941784 4.21788678222832 4.942378453934106 2.5570819610947595 8.849235705599407 9.541345989865079 5.075900803030131 15.886183852368832
0.0 1.7565347124000892 1.1631063794508623 2.9994808362183827 9.143002502096794 4.02178704927406 10.025047352843941 10.54929009753121 5.9147979218535385 12.621212029537293
0.0 1.1987629250899197 2.318526810739571 4.055301810113449 5.194218235036478 8.440658425656766 3.0887259554563133 10.198404031499116 11.024205577314838 11.073906853905385
0.0 1.2392709258109595 2.3709193265903097 2.394769104434186 3.959571660256626 3.5981344922302982 8.21777074063594 12.562604835495241 5.22154097615475 6.454679732660532
0.0 0.7881755730664983 1.7614400545465594 3.505854384592647 7.366225486442239 5.786929419616539 7.391315555902584 3.6503452288155813 9.566186349208222 12.628189449020399
0.0 0.5223522150410448 2.548977323868236 3.936679466726617 2.8702519956774544 6.3550371822116265 13.070525489149725 4.975809378190668 18.90134599838545 11.647531609230555
0.0 1.1003699239931664 2.411569511768059 3.96059736271773 7.089043356709241 2.42054834848532 5.928090582328524 8.326164140287093 10.487732109529833 9.392257795693872
0.0 2.2506344731005967 2.488919780324061 1.196913879474443 6.014790110922392 7.372484697220878 6.4634813976181125 8.035039057257341 11.978289101481396 12.572977248413403
0.0 1.135386191931693 2.5527060682534612 3.240677019942557 1.690942465437423 5.574357914615463 5.54295725566598 12.012546090000212 9.383909872604386 13.350416389289675
0.0 1.1895253680539175 1.1632850955362046 3.990175258110129 4.081427061615598 8.672464535699802 7.678248392213007 5.629013737471961 12.301644978776494 18.394530271148735
0.0 1.1380868675782234 2.697967554401649 4.265124178737576 3.6041178430108642 4.613912222581533 10.051345504190355 3.878676065437902 12.550318429607357 10.23314669863149
0.0 1.6339883040997942 2.435207051878255 3.812153694631892 6.405671007660747 2.9985880832827707 6.701968383965598 9.25912737297701 8.321967965286898 20.278061496933677
0.0 1.3431946799481518 2.2621696608679702 2.787231122103811 5.811867966642879 4.506340172212597 6.037378985394579 4.827392847030252 11.148121722402939 11.18394255267584
0.0 0.7623021300102752 2.0128706753485357 2.674724749505512 3.1979022095467973 4.617003445247721 6.954312002311324 9.702545283350569 -2.15484275747332 8.174898461345668
0.0 1.339116944593293 1.5077153335627829 0.9312126189185469 4.218914080791463 6.192497990652353 4.192504300528236 11.873594486533506 6.909632346462924 7.353492348104421
0.0 1.5983360903381807 2.889832057116943 3.312257773896705 6.148476900893416 2.449310914529754 9.811270767833213 11.700317919004812 8.88786540544776 10.775899987712728
0.0 1.1601952281551227 1.8845991867400822 2.4349817046420283 5.212868981411326 7.592021684370896 5.940300383078467 7.754576902325219 14.708224678679642 16.62781911953223
0.0 1.1642972537239427 2.4363869359644794 3.652267846593545 4.2901028789299405 6.996098843364609 6.096407803782154 5.588346905729868 7.644913238479643 11.587004014675731
0.0 0.6823466104636571 1.3035967412666414 2.2636641815794114 4.496482113149264 7.307413307002569 11.351085923965943 9.351168264603512 12.905339906399782 12.425649573518852
0.0 1.5147612877489858 1.9856837845569806 3.8732054021510356 2.9735402614901707 1.6014580377423768 3.2692338391218247 7.499634529693194 9.30002622938064 7.196922665754988
0.0 1.2070653406651501 1.5663671709830023 2.7280474115642828 0.5400363867414498 3.6968574550247073 5.080139134465511 5.83719886408081 11.962720282621857 10.773229520525591
0.0 1.3461733258411153 3.0247665258845338 2.6275668571659416 4.300794904106039 5.672585606369178 7.666591837175081 6.824918913764007 9.803326218439095 14.504443105567542
0.0 0.8410348576139177 1.966295194571814 1.2985884930290836 2.287908733889115 7.396021627235029 5.678679533673867 10.990594709979716 14.501369551464437 9.914367806465068
0.0 0.35487612912728417 1.7268408059402853 3.413427853427674 6.282984797996073 6.839066159886539 4.588955381817436 12.092415781368434 9.975518099648834 16.630931901771742
0.0 1.0654579318336597 1.4411879053954837 3.0465778390379867 4.426409407679168 2.133131762224002 7.7978593865788355 6.484864905209595 -0.9899051296662307 14.034579878012712
0.0 0.9630396961187861 3.2047400484210824 0.953014506700546 3.54258284892525 8.446869052596835 4.427117355664111 8.086023825173509 11.497151938505421 12.443949850560566
0.0 0.9394959567053346 2.02495235239827 2.676010996574563 4.719144728569379 7.963972459484031 2.385071141708104 5.313788031253281 12.75494513881173 6.698882124890818
0.0 0.9937203873099653 2.4630287836499134 2.7634036363861485 5.409571660070024 6.527207630699199 7.191694678807106 8.38949424673017 6.092827419053153 7.858902310984456
0.0 1.3424024956184155 1.8302242573635232 4.04452596155103 4.303770545287216 3.7800498508893883 6.1624873141625685 7.4435633547619355 6.441282121954046 12.600920566399063
0.0 1.4742513230287342 1.6599650685364933 4.050910714573136 5.4768127668808875 7.864637838609362 3.4730872556307397 2.96548890349094 6.521831527023962 10.563306561503898
0.0 0.8189747905609428 2.086481013726867 4.489554219089698 4.861160815167382 6.129364951673561 9.894514974947676 7.782597060563751 10.778135106068198 13.039722622016312
0.0 0.8659269243386372 2.7383532840935896 4.23922213334331 3.0626596401461557 2.2508552245362923 8.89441634361253 10.447289762937515 10.950176437130397 3.3928922253499794
0.0 1.7083590903616432 2.2762673712491317 4.82888863552351 4.4345322393492035 5.069529824077454 3.0965256136444785 6.880407244712549 10.884405617581903 16.8291230512829
0.0 1.1778047480739382 2.4692580868503415 4.747757134056386 2.435933430065418 6.548507033876625 10.256543906008538 5.985176178152514 13.816793088522928 10.118417125918544
0.0 1.1566327122398403 2.2655905122211766 4.3616428669669025 3.2037279175328566 6.96801061160806 4.528896550536535 2.1200255210941408 9.462150750842575 9.580531152581
0.0 1.0807389854053064 2.910832740990495 1.6808518216410528 4.414548869905382 6.375508562388363 7.7933349478364065 9.7613744526733 9.605325903233684 10.874708866184335
0.0 1.660640605791476 1.9109647300489518 3.6417413873973388 2.932463432344081 4.517355111141089 5.007115514688328 7.981802260689827 10.384608942518819 14.857603988088734
0.0 1.0878535928375355 1.3651963672260043 2.9519179210184086 4.215889475333633 1.2806350321733635 8.260236071723748 2.8440435525252767 12.056026587916325 2.7328831136379352
0.0 1.1967166872937818 1.6939915745244236 4.251666204201743 4.574102065444151 9.126115589607487 9.169016587449919 2.763173298684559 8.213096616444064 17.10729396711804
0.0 1.7632804173335515 1.6184219207989492 4.226663927816412 4.12360740053215 7.7317828680520435 6.751804625063032 7.499652760681145 11.589002237881585 11.318249610203674
0.0 1.6161494998254753 1.842062551258043 3.766799898047218 3.1063181297204037 4.3691302353426575 6.140561462553243 8.600207032843777 2.2895203621164515 11.025014812063214
0.0 0.547786631575517 1.8821165892434315 3.9486245561183253 3.285743747626551 4.458841842838985 4.630173975843338 9.81487386042888 11.076067058293132 20.61657177609991
0.0 1.0887381034367043 3.6855823307399254 5.354000390263404 3.924001721721834 4.311905344479496 7.2767149678127225 9.89098537357173 12.16965802443118 13.654770520192598
0.0 1.0993408141077732 1.330449117780338 1.9324270227215712 4.060192835816936 5.53227639561103 8.189303155036068 11.176796878892086 3.43398483499374 14.074525774096884
0.0 1.4363053580720049 0.80533043663444 2.260608482983861 4.784220850512831 7.777862699391447 8.7252454362746 10.815998441130736 10.159255089918824 5.863937480034977
0.0 0.8774707584196759 2.365974527667095 2.224621319985835 2.4027511628460227 2.774754560260461 5.800151070327172 10.039470365775811 4.188689042005306 10.563664502484736
0.0 1.2842112622904025 2.1968287011647276 3.179373013670963 6.038326263058115 3.2498463773694795 8.080073981726619 7.949113255301644 10.283766279974811 9.09740332825798
0.0 1.5131165113962552 2.1518796757319554 2.492352575152531 5.219744925225664 6.815009961430548 3.452078170591743 7.705623673584208 13.228036908989651 18.51341778720737
0.0 1.0585179961121214 1.5477926465510259 4.84387065889504 3.5022240191787777 7.95927631499028 10.600715549029113 13.534808126231177 8.160457140224127 9.262614880171538
0.0 0.7875441898594542 2.1020407683809936 3.657751015601345 5.153720984519287 6.776111494497395 7.822970303043183 12.174080377464373 7.162842548602325 8.438460064834977
0.0 0.21701213394914542 2.091012682958247 4.715993908912072 4.816500554158361 6.514950874799206 7.165526194394046 9.710505820789189 8.104488447002069 6.920211726769869
0.0 0.6424997444587244 1.3591064489313631 3.725983507167313 5.9580639405816065 5.734080247978656 11.269096678917942 7.456854322430254 3.941688703119782 4.604755849905539
0.0 0.9816074770484753 1.4322399874247838 3.9363991011449624 4.059218889091123 5.160062939976616 5.7623762058362065 9.01255149795055 7.253434178200278 17.514740116169975
0.0 1.734446331310576 2.7950308084340074 1.930816073254229 4.311877679516584 8.32402753611696 6.477018728022806 2.589033066291719 7.674354271405976 4.973895769447139
0.0 0.9013134370845572 2.356507628121622 2.977281152383335 5.009041877057722 6.764825064081189 3.9955845364805205 11.509267296859896 11.924769758660446 15.310810511469219
0.0 1.217499967964943 1.5850918332170658 2.80418763629643 4.806065571173359 5.587458539329193 10.894275326157626 8.296660665099127 5.992770940686254 10.355207990832469
0.0 0.8718736146791635 1.4409431451159842 4.047419550864564 5.073808515178099 6.643863046950322 5.598387591912036 2.1584077910672317 12.022890471032277 12.97367791961959
0.0 1.328639043169299 2.9294443327633855 4.354249435385289 4.963703061120104 6.749294424007118 8.141854106324821 10.285402043288546 7.8948815064955005 12.161896301273256
0.0 1.6820965968405075 1.7148240900761675 3.794863146164074 3.4973651539686537 8.397421972509333 10.552971738763423 9.962809202090133 11.732306165355627 6.56103334128058
0.0 1.1791287524344995 2.0730621587830464 3.5097108275892217 6.420228751611431 6.5340859620215594 2.3792533874214903 4.22653586717259 10.19790743974781 11.352250525454865
0.0 1.1850754594311712 3.6489366530699625 1.681078406032019 5.955456729591389 6.009712861547927 8.19473330955767 8.594819197747837 5.661577619726294 11.531774694787543
0.0 0.3090951775516279 2.520446974623729 2.7237843584721966 3.8099026206652673 7.121216905236551 5.944058474839524 7.939548027294098 8.269591815822526 10.112027327522169
0.0 1.3214376689967584 2.2519784024662974 3.1143460814825095 2.6706986137838657 3.536127144999276 5.7915151124039035 7.269400994064193 4.605607624997092 6.589967102675508
0.0 1.095670403170844 2.929503787427409 4.310842482624311 7.795881886176206 4.707381038402704 8.466722157854548 12.574310520536738 8.71561817588804 15.482837202173377
0.0 1.3343213243498682 1.2649311743083032 3.0708135474587968 2.968153872946245 4.372464394599394 6.666313616212418 6.006900417011653 13.38879638789323 10.90424756630402
0.0 0.7793016794325108 2.899673501755042 4.4014876143241475 1.9102913418131071 4.485242069395253 10.739345169459803 6.860320297886399 7.4214172915842225 14.385984066034558
0.0 0.8604997415988409 3.1341465960561123 2.794678446037803 3.7460422299561293 3.831493962071739 9.696566169734178 6.053698976597932 6.703913834240709 9.45895751192947
0.0 0.7083303010062024 2.5595362388683416 3.059924406951541 5.024672578330345 8.067921131186246 9.872058157486164 5.4642179449515735 1.5247954444038467 3.240074359765229
0.0 0.4805275980271798 1.759361357795587 2.696232754873139 3.7355684245024747 7.584007097885942 12.004294948461643 7.283104356620334 9.59496959543879 13.881934368219204
0.0 1.0905255515001664 1.516715308394408 2.1291732781329635 2.101279311537354 3.86611954275031 6.196267000157373 10.663415367361864 12.182082215848325 14.259336623926943
0.0 1.3875764815744152 1.939203593745077 1.3078984378188832 1.6714522363588566 8.322485817531291 4.705300794078541 8.937852997113621 8.087918702600241 10.81895404313428
0.0 1.2782458017379617 1.6127296901139567 2.633220357247936 4.179526157203085 5.283003741057281 6.408504557791244 8.672275321737787 18.143623116462955 12.943937699644675
0.0 0.680494836640933 2.242403325867092 4.254075654258411 4.861537934243103 3.2481289161930142 8.599525695071307 8.250590484709104 16.533345344516153 5.632644783562229
0.0 0.6651216390266059 2.594872251685733 4.621955726607942 4.752846713802302 4.210539758822598 10.512515133286573 0.5491154818556335 9.251560472398795 6.931075297119531
0.0 0.6000885482149134 2.810379323933041 4.813986191466976 4.085580833673053 7.35506306674482 3.6417921078543536 7.661615748239991 10.885845452652594 7.30085019070391
0.0 1.1675521240879605 1.0004442756726175 4.045264356500206 4.1787799543346384 4.74155861694966 8.516076869357788 9.93425656504877 7.532950314346903 10.06244189289651
0.0 0.8156097440879749 2.853757535754935 2.0541093722830115 5.254532446382938 5.516952852593917 6.282222263494739 8.711991082307314 5.183891918106917 15.683756509403207
0.0 1.4951501884935439 1.844080076164445 3.2711579250975498 5.496648030082209 4.378646914749224 8.632645705767741 6.042789776822637 13.655126056270253 11.599082351588805
0.0 1.1901908443281048 2.4021454958824244 2.5349937915963245 4.42124060395184 7.142427811071645 7.82847856422274 11.63855754611108 8.391217389076301 9.991035197041722
0.0 1.5456237890114977 1.6404511124582162 3.9549905010802027 7.898426639856766 9.112339407458979 9.308195328988505 9.050534302826666 11.164214385768934 10.969859606103087
0.0 0.9775175696618404 1.933031655189357 4.371018574193848 2.907327284025933 4.184981004547259 9.00027601492839 8.94630695067206 7.28053282770387 11.960490364210743
0.0 1.1538296457114934 2.7632976310971196 4.2967373194239995 6.590971367480682 8.576619365528327 8.927951677748796 10.735084264517484 10.366416758022753 8.578971045802529
0.0 1.0076641449601256 2.2552317851167354 2.6160124340771 1.9977622254533607 3.882032604549554 8.521531768774883 15.208237638781622 8.545398633120628 17.866143866334554
0.0 1.4262006912500649 2.3718916592128787 3.772501369087321 4.36131433941545 5.205880846787664 14.069251488506755 9.399206916806536 9.556957703488022 10.592139458656128
0.0 0.885883474158728 1.4692825323009227 2.1330699813064196 4.697373900838484 4.246748560962321 6.578032550897479 11.81519361562688 8.390528647583775 15.6918040234117
0.0 1.2414479691399305 2.9006817727522365 1.6683278718585368 5.651598493328001 2.5811738239765623 5.495242993310986 6.2653220501440945 4.170849713937211 13.746896046227237
0.0 1.318619191357784 1.8662743420273338 3.230305657217024 4.848644829725146 8.626687918662874 5.472703931216822 1.1954297393694995 7.995603542394128 6.745710344496751
0.0 0.8678258401353389 2.141298103953447 3.406973800550683 5.818776170689267 4.096524090167525 5.578327623266722 14.127246835792903 11.211657335011607 8.146589109031435
0.0 1.1401293936299952 0.7295768865910225 2.545268959957663 4.737917640926006 7.298485840997342 9.754361427038168 7.957201843293639 8.500016658435419 17.96863172002345
0.0 1.1814839078511934 1.1493395675114466 2.772711279999629 6.482702639852031 6.857731887162743 5.557395086427079 8.539073099305343 18.193303497424296 11.577934621341296
0.0 1.3657360430548877 1.944970036197999 3.72033305240291 3.546996351350993 7.57476174619798 7.132428592834297 9.882821651418427 7.79805689795409 7.249989145314717
0.0 1.0725264530670204 2.6492535207728483 2.375509758958996 4.334374151804021 5.004560502484537 5.247667624891698 10.368473696334199 7.873513116142623 9.384526908747953
0.0 1.3796777944338485 2.703722680645114 2.76417105763281 5.764853801146554 7.733156387456939 10.080207625171754 8.82968419561436 12.917921954510437 10.935240037002622
0.0 0.9330947004620057 1.7289703180817555 3.259745586825584 6.158639147268982 5.436077993211107 6.861093303800568 10.950644933529086 6.322734916250698 11.955957587331817
0.0 1.8347435597626025 2.7148346699184702 3.3358415912754986 4.950858048054482 8.695724883182285 7.895651340219115 18.125093907257106 3.898652385822412 7.797714977640146
0.0 1.0659087901961832 3.159491544077742 3.874117956275931 5.334701069462498 2.5602078696295467 3.3650486737392438 6.295679991740266 12.295048646910264 14.875597913803519
0.0 0.7324312162879006 2.3228617602160266 2.297339348319738 1.3700963946818516 4.5117128725217945 8.610329609006895 5.6886410928176305 6.365809528449074 11.49553032648777
0.0 1.3441133598209465 2.7064639892851963 4.7741628815982216 3.881637480754902 0.42519281471130316 8.26526491862799 7.979865070003519 9.668881103210772 12.21660066051888
0.0 1.2504249435287804 2.4690679147000467 3.756358739323665 3.729669423476921 4.582647918497613 4.026298332744986 6.319346171215268 11.926598301236744 4.825739855636073
0.0 1.4513973461959409 1.6495405933915317 4.453049927911121 2.617273389692461 5.057194089416098 8.585443977919851 5.801240296595141 16.360670472835036 6.786894438927472
0.0 1.0256315525760862 2.4390598830023973 3.1556725091626756 3.0659350829613086 4.160347625989949 6.433000593809558 7.541857770286992 9.089700056348441 18.350176091771893
0.0 1.1474400746909685 2.0942658555453764 1.6580801743489997 5.128592913078108 4.851198109360719 4.777063247500122 14.686432199599983 7.628495598572174 5.517359415380189
0.0 0.9584264863937374 2.111993933737165 3.1859836251483373 4.7470429706172945 7.752351994888214 8.456717438265605 -0.9386359832264102 5.444447572320323 3.3543546644174076
0.0 0.8655531032781778 1.7360036900651576 2.74167933287038 4.364405843124227 6.876837024504232 8.054492408823895 13.047192570275696 6.197230966912062 13.59316566307753
0.0 1.562724223139307 1.5882504782624791 2.3518816003499667 3.0354820333942296 2.1358517146759595 8.755680172298435 11.482992792747813 13.938638364843863 13.276353277232532
0.0 1.131292893995202 1.3484780484328474 4.53006951392165 6.829132055911582 8.52963331472173 5.974947382237823 7.44599761613484 5.625142945309217 9.058664636128885
0.0 0.8032703420532364 1.7831577060467776 4.457485402917781 2.4017224637230505 3.3052830266237336 13.113942234513475 8.779336545005112 10.185757399006457 5.851622872096841
0.0 1.9078987455304102 2.0920381133190333 3.255018160127826 4.506403632962253 7.679863671236956 6.756225129038548 8.895129074205865 8.320081364511577 15.432836528496262
0.0 0.9817277616152361 1.0061014567662012 3.0369604048783123 3.2082670967495277 7.985585273429218 6.223535886484834 5.199315960007108 6.93068355832296 10.02840814363697
0.0 0.5791416837691475 2.1201134862557987 3.479136910600614 4.593377105243764 5.492322637046744 7.1037013409103915 8.74560320603992 8.94675360858471 17.09684815918975
0.0 1.5124130365228048 2.1259979673437273 1.9084227932748852 2.725400515163873 6.58454185711005 8.965448009141186 8.845467338270806 6.699103784187631 5.571557737471095
0.0 0.6769684034354166 1.3792892959493013 4.816851326132225 1.0015742101711111 2.220063380715286 9.960260656002374 8.15145693060933 12.243732907261007 12.08691598294
0.0 0.6940502934222751 1.6322026614115295 4.593893589222102 3.284456168855008 6.87138638752783 8.264263616911533 8.580551927268258 6.348259520063945 7.305606504708159
0.0 1.0158097915219386 1.612830997943042 2.3395492506597 3.6627202403559482 5.620524225486714 11.261345515510406 7.807210297739927 7.896429038807986 8.67532158243566
0.0 1.0552143283095425 2.5818284029270524 2.032556221440832 5.227690189972126 5.458310221869606 5.002631416507645 11.755569292969843 15.914412793973462 8.96888223467086
0.0 0.836461242694377 2.046778935549076 2.453449888207506 2.453312442681467 4.067201451163709 3.931229717148638 10.991982478671735 14.81246108805344 13.120955114511597
0.0 1.5413050146786302 2.182236737372631 3.27708670341851 4.487370327477664 6.094089401687475 5.003346466696592 6.887689287183473 15.419443382967787 16.421256251300395
0.0 0.5422507110232835 1.9180031542805076 5.113163013780891 4.779355613045583 4.649966142564753 5.260164766460618 8.269575700827366 11.735245747522956 14.434875164545279
0.0 0.9702784968868926 1.8018163036553276 2.875577095906441 3.265526068783551 5.615075677954589 9.48869367027803 8.904505341231252 12.873071028392221 11.05571744877321
0.0 1.3681768983112654 1.324090699735844 3.006235432970216 1.9419091652182108 6.2564919086529684 4.965018687229845 6.77618425178612 8.395069696316694 15.348967353125277
0.0 1.4159088322351256 1.4421093978258739 3.3993621118523487 3.651032998591668 3.3558938592664567 5.919193861994384 5.482926432328713 11.54845844855119 10.348578692524438
0.0 1.2272548246621167 3.0477617368854224 2.5584438748424994 3.3708108152690808 6.7395448442063675 -0.12163747325315415 3.1734504911422086 6.771203337297223 7.87144028507597
0.0 0.9779249476090253 1.343062701836704 2.030016913919662 5.588979398272156 4.9118659763418675 6.975985364677951 8.499654148167195 13.262254759152441 11.740032442050078
0.0 0.9033469237032348 2.573344547758794 2.481963080294785 2.2512879744931595 2.999838432964972 5.295556841304615 3.023284791934355 7.488251582460157 7.539110996843908
0.0 1.7869784035286758 1.9898636107232148 1.7221687377434987 6.037915149105698 5.531564882488303 10.840388212796906 11.810667467213142 9.28507158589589 8.681965985335372
0.0 0.9551236802275667 1.6800801099271396 5.003162250575087 3.125386923362955 6.053792358291634 8.818507413311332 11.036608931232141 14.367713656296685 8.730441518131823
0.0 1.3069350965947835 1.4825650850707006 2.84117982009018 4.293495217013287 6.188268256025549 9.251861947429312 7.825884458151919 9.569497285763084 14.838478763794173
0.0 1.6854855628454612 2.7525684734199856 3.1934519877301324 6.5104828935744665 5.428848646999804 5.2232814882610175 4.934681146814695 11.606505311513358 3.7232672366303006
0.0 0.5653458086651321 2.645119719075793 3.416349587895189 3.727140007123474 5.597035467412173 7.541215508904738 10.953061808508101 11.26407300716649 12.034027639898236
0.0 0.5064391252004363 1.9343131419735662 4.3825242818456 4.3825045724027065 6.389748284616171 4.419590917142164 10.021673881395799 11.315223805239714 14.083705946671865
0.0 0.2354711970590403 0.08323296702586006 3.384516016099442 3.9160710982348017 4.610120180815883 7.0389237445453805 6.441288960805658 4.587724105167269 15.03278881488888
0.0 1.157633163446451 1.0883688413434682 5.0535818331676055 5.86281413830375 4.6308990624743736 9.692607011735356 6.248850406862441 17.68239386099259 3.0463288163211075
0.0 1.145018309813403 2.714832509275023 3.169846301022216 0.9161280625186721 5.382431711186444 6.884806959718559 5.497130122428154 13.262016337479455 5.921497010468463
0.0 1.461488446676019 2.475335854953687 2.6641862802392127 5.405860313577133 7.344318146672187 9.367981765424783 11.04088100786202 4.812044044810761 12.562244614209666
0.0 0.8922614906684799 2.470476520781613 3.115386227634338 5.257660629718016 3.523128907514529 7.310771247529341 7.767786411720225 10.24823816149864 14.725763906818509
0.0 1.029583352188612 1.7453771225295194 2.3349582558149526 0.6351774074918862 7.559306625390639 10.56818381977715 9.596392283494566 3.572253318336344 10.123923983292487
0.0 0.6657094802398585 1.3922371097047364 4.802293300004957 4.6907425387189186 5.003991424178984 10.285106775973091 3.77647783314478 9.732360471543988 15.992186378321168
0.0 1.2541444263251318 1.6099622420510296 3.890035240199156 6.312039838212337 9.347203691405902 8.195724071336688 3.3873353680227334 13.440711662912774 18.086167134599865
0.0 1.0331712593575895 2.8967280017151573 3.6054503916247675 2.0265741513250313 2.5870518225595296 9.935430764049324 11.859359624541176 5.16096086064388 9.634189327383345
0.0 1.6050784600471995 3.122938824664242 3.6732687820297647 2.9092455372164827 5.794486823144675 4.825134730477243 9.01122884779437 13.429836939440438 9.64880177107142
0.0 1.4255323954580232 2.5888417726652837 4.371089085701836 3.4722281720621657 5.8929179021279126 9.923858902318573 15.857832577153898 14.709471088286557 12.025616951304642
0.0 1.2732479701040262 2.2144275920243306 3.6149454757263215 3.96403079930406 1.623134090178753 5.900591226907457 -1.5440388352042846 10.032963473010701 8.14467246094601
0.0 1.9349015976975954 2.5211815517925347 2.205402195723545 1.80996313783375 5.270961340760343 7.052118276525239 11.615952432636027 8.96594457322897 12.198718032771144
0.0 0.7294704262960644 1.374922705997921 4.117688847385154 4.8825988507600036 6.909340934434584 7.158157973339164 10.92533060036053 15.295387252578776 6.6303584225390395
0.0 0.9294802616022177 2.362001879862116 4.485198683254079 5.380412106323073 9.491050090522076 11.637647787613847 9.53951363059175 7.617071080177826 15.096462914322844
0.0 1.0008636526824533 1.7979871515461991 3.355811726433103 4.3308521735770364 5.739345922305769 9.679082727099924 11.649762937881649 13.709543898059472 9.848543669093099
0.0 0.780368485858027 1.9311977360168386 3.6062955911059777 3.8394786588853265 4.801228735296393 10.800031451878473 5.350266184216074 3.5047831646148873 5.171195967638853
0.0 0.9387224012862564 1.3253194205456975 4.1331836560953485 3.804276649243874 7.973250726103441 3.9200377197959195 8.133790500716996 12.239995549937133 6.8709274805234255
0.0 0.9909636401982377 2.854000590390353 3.365942123834131 5.619168302247575 7.437638707179691 9.157902215485326 5.926396083161482 8.94408743213674 13.357483649629756
0.0 0.5152048905956729 2.145085899119904 2.3801917760281843 5.013045174168983 6.585639182742914 9.925496223931626 6.4909923381061265 10.95208894511512 12.12794685229095
0.0 1.025231604112328 2.566492169026361 1.5707984201059895 3.9088136416537247 3.998870952368361 7.015802164557385 9.583881736273812 14.59132123639532 10.998374029892076
0.0 1.257600243506718 2.245557632356435 4.8680733474133975 3.117479259678565 4.850158140801598 5.668558126468589 7.844432819011961 13.594683930039201 16.16788254494819
0.0 1.3074384494290514 2.2516150849519363 4.529259456621026 6.838769902946992 6.8017726766815905 5.311644929067309 7.924903850014909 10.145778774298982 12.082905291888256
0.0 1.3778112270114453 2.170106921951541 1.9283429428222614 4.5665261998609825 7.7682738225923105 4.701985340357535 12.207741310905922 11.758727146549962 14.128936715975314
0.0 0.6224547276176811 1.7969274887962965 3.463616409269849 4.897341306714611 4.720525837905742 7.033683985815954 7.272017414725116 8.423482994108523 15.435044314333599
0.0 1.761230124788883 1.6066362995954033 2.918705801034381 5.469216074146659 4.235823306451596 6.769701102599606 8.89009413784522 14.083269157666656 4.337923512151713
0.0 1.2155802125472164 1.4267956541139597 5.445016230300418 5.009796188405517 1.2547260827978575 6.991069942120489 10.528246197944346 8.977516671637481 12.211887180609555
0.0 0.6776982924394372 1.6651037020796053 2.186701948184795 4.989370331968193 7.902631768085452 6.99577595681473 5.974126430224958 13.768592655658985 17.064673746509392
0.0 0.9726736656220342 2.1438286474072643 4.209200631785253 5.837439460100721 5.075556414799847 11.691679195327664 9.282837102462599 6.748580379954748 9.509326354355325
0.0 0.6492994685497165 2.4296843366174077 3.6663413496340036 4.727119656569545 3.6475438737063803 5.6701486964527765 9.791364063031457 12.597666829965851 13.352519975893298
0.0 1.1479147583718297 3.3182875839488464 3.012441791346724 5.726204127039954 10.16360771563135 9.262780842594092 8.65052452454132 14.304575406985943 11.456416431450446
0.0 0.6064879088857956 1.6531925895992632 3.776502686626741 6.920455017805776 3.256011669158156 4.949992847699637 9.827264862527626 3.629499800178305 12.629912216702335
0.0 1.894362037979796 2.0255576363142054 2.5372205567723194 7.2830765707379355 7.597432015508223 10.05899059568563 8.485233623734915 10.437382168308888 9.805869980281695
0.0 1.925939284583297 2.4696667281622924 3.476788766726502 4.548228154665705 5.566784439681437 9.874966430215498 4.013692157086103 9.064831258618126 14.196157434124578
0.0 1.6418126553750205 1.9069293685413193 3.3158111682434135 6.526369411734298 4.529751541123141 7.181853917908628 10.037997427390698 5.078680032526834 9.293115183502902
0.0 1.6592507324344539 3.0687208037493394 2.751904157939525 6.066115092015377 8.339602391162366 6.542658273058363 8.40877770516624 11.361566553440957 13.038430572941873
0.0 0.5517701182823295 2.034588587716767 1.966869217284257 3.003354540737271 4.559284072845868 9.724467931288268 9.444582945784123 7.414716255965375 14.496692179972184
0.0 1.6506667006998064 2.278708236196444 1.8260548723968801 4.1690449649411105 3.430913926481816 7.497214109584174 9.938874395948583 8.802829952392283 9.835720291743739
0.0 0.8468149801751415 2.0438970119562754 3.6617009166574754 4.180880359930506 3.548540895176527 5.5642394266388555 9.10908914322147 6.397613450306018 16.581203521849822
0.0 0.4871050010061701 3.518540408956788 2.3957517473896086 7.192666792048085 9.150376888349298 3.125389624847536 12.312120919087858 15.917396865798052 16.167934067320786
0.0 1.168007206299533 2.6146518156529623 2.6818078448464298 6.172758933795173 3.162449299914184 10.75693214384557 7.801527486905052 11.58097508615058 4.87699434729285
0.0 0.4554178458312487 2.3775060309976763 3.0010663515086202 5.832102443650968 9.36471689444105 5.09660482851529 9.644150388044658 10.735093613683203 12.856529360349999
0.0 1.2391868582485177 0.6082974265563017 2.008486944106011 7.598792601062352 5.283195026219755 11.944914469390248 12.118108508924365 12.091505129262105 5.537917318223384
0.0 1.0208171455016521 2.5503830322200645 5.54918972082366 3.973927623095761 5.398360112294988 7.660439571946276 7.506718688016117 7.566740239422273 9.37081244536567
0.0 1.4818129974289715 3.490922680832397 3.034049812129401 2.8492197429014783 6.080893671513888 9.092447159974856 8.28134914558852 12.675246629592673 3.198734763696492
0.0 1.4981768879425452 2.465045277114183 3.594275535061367 2.946867427754971 7.736484955690074 6.455178225139532 7.353727611871258 8.222192063544199 7.593218510737351
0.0 1.3643801838188447 4.323147613369854 3.5774142116813845 5.6831296438463355 7.670490664300324 7.5041659765438276 9.262547054006925 12.708072805126891 13.407534809591317
0.0 1.2624446500674493 2.227850962113634 2.4351159092683528 4.052117452428813 4.889413349705848 8.343915361848252 5.776240661706005 6.4223026547899025 9.817050934010501
0.0 1.4373053052971163 1.3608972855493648 3.7269560054442934 4.910014584428784 7.012509966460217 5.010290286249313 4.990385811481993 9.944316263438715 10.419130036505157
0.0 0.97801782366642 2.795936720673977 4.308141137035664 5.954019728210442 8.898662474058067 8.330097127090076 9.022987657379026 -0.4046066950249793 8.001051209211164
0.0 1.5796594584734664 2.3117145258609924 3.0983613260847687 4.730696807715496 6.781133238884811 8.590943761155 9.74121743006577 10.120374522248898 9.454694372196526
0.0 1.1689963581434861 2.1677697509085263 3.561681798113897 5.103871954124131 5.629679878346608 3.1210040343330636 7.840948821672827 17.992831360647433 6.985855065312249
0.0 1.0384878649760712 2.197385723876314 1.7976794926089692 6.365307575178534 6.769652529689349 7.630547273803058 5.156391126227009 1.3646333297955502 12.486231221751485
0.0 1.522092976336495 1.585274819673452 3.6524732605223456 6.026416056096423 7.3954466743170615 9.436085870631942 10.725980427409864 6.699632932823221 8.507790735237771
0.0 0.9476494365911394 2.043666226101604 3.180096349428213 4.6384404742676075 1.2385529819962522 12.03711339803189 7.222178468852825 11.561481381440318 13.11240812583279
0.0 0.7732343779274818 1.8279257858081341 3.352250378153059 3.1539754824914947 2.5844932289827316 8.4671034396412 7.033269457782138 8.464419330968168 13.214987431960694
0.0 0.404940854076555 1.7159652286378515 2.9136750408895535 3.894372724151802 6.307669010115759 8.602810810503158 12.370006639435061 15.06619073805989 15.218387680166002
0.0 1.0003467092057725 0.7125968293188936 2.901111937403907 4.563777254134108 8.557526811406131 9.423037940715298 17.698778882831927 9.469952798364037 3.393069642759699
0.0 0.8728515386628535 1.7079137782229594 3.034721657338004 6.721142086019359 8.342097206547562 10.890536783320035 10.302088515675436 9.082324942146446 12.819739745308855
0.0 1.2898204409474334 2.3834504674982187 3.2788909970646656 3.356138860535306 2.1084961398251485 10.201710446403036 11.999832326952692 9.745637810101977 6.909939927454365
0.0 1.1606063745957347 2.2303866509371915 3.4315413687843637 1.4390010637015511 6.556955304388494 4.017613011907614 8.495758735269654 8.387774184127977 11.94309243582301
0.0 1.9968717718891786 0.3822059272158191 2.0066368606431757 5.120495744042284 8.152968158124304 5.895265674735469 6.910896215083943 13.416219702888172 8.947260804593943
0.0 1.4910751788581853 3.426654049037715 2.8962020965002986 3.446169536419007 2.5539723117122493 4.263042855690594 14.082090004566666 7.572799683145356 9.614990714553198
0.0 1.3555276451391984 0.9818386658144723 4.970269520092411 4.0202535799240255 5.691204599070129 10.811846658484377 10.754348642357236 7.706130228460691 12.029445991406902
0.0 1.0408606348407345 2.8292769679807255 3.3223149870943764 6.587970581243629 6.153709449576765 9.06027105277447 2.9887087234936307 10.14176245448707 12.090183221199043
0.0 1.2633255082404848 2.7936894160681325 2.7695749400395844 2.755159045349085 4.139605800192247 7.10112834706299 14.917637533791945 8.235219130093128 16.614328500840653
0.0 1.0583444477383588 3.441632170736209 1.7208072874423856 4.884193201831275 8.585845262417449 9.70598087215082 9.377246201170918 11.837682938911602 12.3081066377266
0.0 0.6714168961884955 2.2022851482225483 2.403506744533102 4.422828262124549 7.016849341367532 8.943280653373401 8.726422646619795 14.457848472334254 5.574489755161224
0.0 0.29505466917114753 1.6020978634765932 2.645493368290739 4.844027373564859 3.712086034238881 6.825899534982521 6.988171487434606 11.844986161489995 11.465286786576833
0.0 1.0814403128432 1.416170924343265 3.6752060717037893 3.608834178595366 3.6236029700142067 9.165274918629256 10.854625042939453 12.591283593495586 5.8761795635443965
0.0 1.1431447769627197 2.7328583030344302 3.4303381028370454 4.189177508304591 5.389615494246244 7.399927122121966 0.3592054573791037 9.144439298744075 12.545480348036694
0.0 1.4619949854630037 0.9087209746097306 2.396664132554461 2.9519623134998736 9.164873366137815 7.6772050156383695 12.411808888418607 5.816186112551017 12.783855234988618
0.0 1.5896422012659877 4.092879824502544 0.8045192380203237 4.221169238050577 5.735459102391239 8.091407646593067 6.109596581294887 3.4719515646455275 11.556850923180274
0.0 1.3872792771831912 2.0345703037154497 2.7290748522251955 4.012128208610282 7.16910983212906 6.119687342393645 9.955527395065213 4.8722321003831714 11.658683813457765
0.0 1.3563882065694153 2.3659986340346735 2.081229532591917 2.8386163069077788 3.915485689177228 8.81704081333754 6.1160220623979304 7.151343039513483 11.253058685893398
0.0 0.7991443105591878 2.4839235592312057 3.454005408527048 1.5227457384302834 6.009952965302146 9.369222511784255 9.603435588575373 9.784347279826388 8.700308509037228
0.0 1.0205434281175487 2.668140432023979 3.2387170342573075 5.777571068105324 4.227084495869668 6.988253456231067 9.946166535346974 11.635963371738397 11.478111498856952
0.0 1.037113010177994 2.005137663269355 3.2104189690906053 4.556142233477779 6.652078038317419 7.245147302081043 7.643430992772666 13.470111436572365 4.1269314839806235
0.0 0.8278701261025849 2.1419361485870647 0.94368281529693 5.167411359087405 5.417715531405038 11.026458912289664 13.507515234516184 9.448981642700627 15.444822897480034
0.0 1.2237969362109005 1.811612653451402 3.72375196987486 4.277863838679864 6.514526114561952 5.387940414620347 9.473282990271173 13.600477900915992 14.094714812840879
0.0 1.3365819116928341 3.140046187626793 3.2048573698272933 5.440277969675196 6.245085436864005 8.457038362010719 8.135539283708953 15.244353810207809 14.484883860650116
0.0 1.3200669172797073 1.7952569887630463 2.0663436542898532 7.0669011981307355 5.62327283905237 9.336514660386541 4.902754958799625 11.818437350246942 6.453293385952798
0.0 1.089897603963423 1.2192373114258521 6.336377086190256 0.14124149993203536 7.975833183560705 6.176723970770382 10.78605500251184 7.29410484869073 7.284078175591399
0.0 1.0766812984840513 2.6341186902243163 3.070282907139288 4.828279824717903 5.806677406551557 12.403936257782464 6.368963377378642 8.599769816058997 15.456960772334053
0.0 1.7373616803973595 1.9769616142354238 2.4433693946271275 6.696006588765567 5.797731579477293 8.756682507918757 3.845728032438951 13.137057898231793 14.178216017875638
0.0 1.3844227229038106 2.630648217406318 1.6224221431553565 1.8727294508625374 7.688892346856609 7.782699573264935 6.257096072278343 10.08595685243416 9.721245780723757
0.0 1.9378225431823688 0.7962545715789722 2.192234482892653 6.8826821043456095 8.196363055865781 6.202803616452273 9.343908222672907 5.712931217986368 16.537071144344136
0.0 0.74161293456148 2.6010836150217194 3.078168448856143 6.528188981625912 4.255210041233338 4.4925996969546516 5.945210458572525 12.286069896714066 13.408508466010137
0.0 1.3044616826744952 1.832978424371412 3.8913346476603867 6.021832608741536 6.901279693890029 10.741620848561436 6.716901535545217 9.525145877674815 19.81678547918012
0.0 1.5578156836202668 2.707028631061888 3.817782804629038 5.654641756703482 6.448397878412608 5.144238733874889 2.8240603318024795 8.42634528435289 11.18459106337484
0.0 1.4424200045206657 1.2881260778411983 2.7800104482944357 5.528496355001043 8.753224759797556 7.910448142229717 10.153476921541452 11.467019821996237 13.297601727237849
0.0 1.5593354126157768 3.4902464322656326 2.4099627419599647 4.663924825222189 3.2500329606639577 6.778508955166 5.841785711847356 7.666578985794308 8.335757342873512
0.0 1.0080949480303933 1.5701054586143028 3.0388894123802257 3.3326978432383054 4.209599270321943 10.383994322131096 8.548944588522362 11.879827866949007 14.253940191480137
0.0 1.068607383957768 3.541868406909106 3.3346550916368245 4.838694546348368 5.274839396522308 9.614754193872274 10.611777604844612 9.541694380869652 12.650580039567842
0.0 1.4368605228356237 2.322035581612658 2.672608335832173 4.36130013625819 4.222218832020298 7.313531093133729 6.2627405163083445 6.550525308499025 11.397173061128232
0.0 1.1509279756049602 1.8174229499404844 3.760558006974056 3.559312243275518 4.9323478732159485 5.626334675906754 6.732419817396231 9.077852301703393 18.934080616774907
0.0 2.034211769634487 2.8250212901600587 3.5482059203513168 3.4175924734077636 5.454863343160701 5.115597053645527 7.338965353106365 9.370629637200238 3.803474219012041
0.0 0.806487611670585 2.3834826198148096 2.816627944329371 3.8285698248157973 5.963776084778418 8.405849213612209 10.53825475254454 3.849019215539583 11.658576255659577
0.0 0.7855446347120971 0.8248538052650762 2.8315889373127887 6.426442420139925 4.334672257941297 9.63877366773852 6.181215437235983 8.184399499741634 4.279462250598837
0.0 0.8239907493420294 1.823466887890692 2.58093107301067 5.013961646497876 4.628145444810143 9.749717408441235 12.787352117432198 3.0222441625040424 14.056470744840304
0.0 0.8283919984719739 1.4252669160942117 2.368037013323052 3.7839296955098103 9.001243236620697 7.010281933163089 7.427445263230118 11.179714529202526 13.898473056511754
0.0 1.3964065800329597 1.481531621569088 3.1052249496418494 5.148297639469558 9.218381971469872 9.642775931844994 9.826630931817922 8.275823499854006 12.726863876417562
0.0 0.6879944313332035 3.024581857781932 3.0754814530182024 3.534429827417315 7.297435638604794 6.521044875890526 2.5338209178343742 11.141125341595368 9.901929177897962
0.0 0.9036213271539679 1.9332062508723002 3.8142376353576877 5.567548300588081 4.709734292669098 1.1499652487691652 8.6422014390479 10.032686779312717 4.272491667146533
0.0 0.7148208098385607 1.1448098419933688 2.9321125321934356 6.046155065297307 4.78418996073384 6.538634044575003 4.265457039227814 14.009275440540222 10.27668222041235
0.0 0.44236476271420605 1.5167560726744072 3.276298916741689 3.0730428413859103 3.2764062322060106 6.50548545686309 0.07605724511520325 11.654913653974965 10.724647487928237
0.0 1.4052380385879235 2.6566182581418345 2.9182808153432793 6.908200115779928 2.968352495511126 5.416219814299984 7.131036853231401 10.965640036994904 10.146968936230243
