0.0 0.9503290471689381 0.5567184435749658 2.5832487236015447 5.106398474596937 6.071213504423164 6.143748770934774 12.281661159169294 7.856252009753148 16.421809989708386
0.0 1.2292497368184223 1.5291066690221922 4.455546873628107 5.387900497551028 2.2020915662990626 6.736324900243647 10.383793340788326 13.256068839482209 14.862729374669975
0.0 1.9783100270286271 2.2102929077014926 4.307889279839593 2.7193970465057977 5.088217555618762 7.390121071620608 9.518497564915004 10.853659533414138 14.787929092326749
0.0 0.5357123189836368 1.9642425415594877 3.3805434985004443 3.376834019005188 6.090156158609936 12.520054359859731 14.009643799057011 10.068227892482705 13.934384558746936
0.0 1.6188266371352678 3.1179146161396134 4.3079594118093825 6.28642445044816 4.610448334380456 7.303523995967559 5.6172369414807335 10.754907428206439 16.542370350740914
0.0 1.144067768391943 1.9075909015326253 4.895055100341915 6.609943587703886 6.6794336709705115 9.503465292120483 6.732253924299012 13.775245125672436 15.5519565724732
0.0 0.9903893209085254 1.960138662166462 2.9986476230940204 3.929296737741468 7.672237418642761 9.02841010103205 11.73833273135898 10.012596351497244 18.482895520885133
0.0 0.45655959636133325 2.4396383855369623 4.510158473329681 5.13165064604663 6.691475307091587 10.242271871186876 9.23760035867994 7.966271293801681 11.601035668903412
0.0 1.3762442174275102 2.374399232772718 4.261284626985223 5.0439369019271725 8.926965765051321 8.880301804202368 11.843042766167592 14.586073298980502 14.68326709871047
0.0 1.1185092438746858 1.542186376329137 3.025004394531778 7.150816022421984 6.419677267119887 7.772669681818402 10.99134266133029 10.965165077838265 13.11986570834824
0.0 1.6872817296071412 2.7794666747853354 2.476095363007549 6.061077147307042 6.14746176829078 9.715342477204365 11.374879225543888 10.917165609516514 17.71283402824808
0.0 1.885143430528604 3.3144500146419698 4.782692498406501 4.072623830808929 5.40967432814635 13.208779913666241 11.901944228070372 12.896471175607658 15.33620062723067
0.0 1.0195110748227203 1.399397982829432 4.820555499646073 3.194649451686243 4.922366427365639 7.280712370871598 7.4556022337667684 10.609957862671044 12.458278779002136
0.0 1.8444108183508303 2.9115753269866143 2.7072316204748375 1.3646412847657272 5.240524554703456 9.565614377236786 7.734663109827816 11.83392651847398 12.875413952967744
0.0 1.393803661025859 1.7087868646813034 2.2588419133317186 4.980156493222878 5.464137112289225 8.4826375034125 10.591022490319276 8.763609224374509 12.533186398205599
0.0 0.7668013986020322 1.9787609886583735 3.4101683497871975 3.8420339958960303 8.790203318122286 9.266532011535663 8.429422419572536 13.198567722723151 18.96417919210223
0.0 0.6746851471956001 2.222661765392621 3.2058955474748183 6.237120845726754 6.061566749735902 8.783520550511764 13.81066976949907 13.223276463400277 16.356335502235762
0.0 1.1953970439540555 2.156479078973477 4.580683052424043 5.037740246083621 7.400492361445239 8.546217322228017 6.764995058098251 15.924301344499236 14.309275570832064
0.0 1.3895248756380316 3.266586420380352 4.100843157871032 4.2346354078019 6.184639221222487 7.563572039173526 8.830861642663718 10.998621640560051 11.885009943467352
0.0 1.3141047396105667 1.947035279588337 3.1245056403950935 2.476434420548961 7.160634833768054 7.081173881616068 9.084646407186392 11.61000606248109 11.789223491302565
0.0 1.526963924523964 2.9282537165495817 3.075528939141481 4.679680775345585 8.294571751920284 6.46590766274713 9.296317332345295 12.103306056451384 14.893940732755205
0.0 1.670807728993095 2.8678719130101844 5.201673990130008 5.33206870105998 4.815169523426596 3.783183760133818 8.561109803593594 12.906892671110764 11.596669122128516
0.0 0.1512245580636432 2.709985552060679 2.795416976361011 5.653894215356202 8.23437617540905 9.704976433986067 10.847597689960091 5.863374545329744 14.701134707387071
0.0 1.842069577163372 3.5949935929628 3.68998331086341 4.207825305290824 5.178907638031144 5.337232603274075 10.290609566918542 8.92994838132533 12.736070917496136
0.0 0.7609469794356307 1.2881484540921666 3.01106165882667 2.0799796654297866 6.873681316242654 11.764334521854318 9.284348686603558 17.09113630942192 12.023568554067204
0.0 1.7248256736784975 1.6727929293129982 2.842505437260301 3.621813691094439 9.017210523291741 8.038459672492497 12.566666018184653 12.322524921199099 15.79811473470495
0.0 0.715058860661577 3.2818619008169976 4.133065711865716 3.1574750673571046 3.861001755093721 10.70672809682122 7.775509631705344 10.521494254814645 13.833598553143933
0.0 0.9448697986832914 1.660829897847194 3.105257056477019 5.484877637190529 6.964169926899702 7.557240048099704 7.102169369334726 11.46190203397093 17.643816013502633
0.0 0.9509151651353908 2.2432914376249102 1.6075085537657559 4.331679452089628 4.855558154309733 9.037752758663851 12.481913144583883 12.413133516545921 11.359109655863385
0.0 1.6129815479899934 2.277919642527158 1.4327517464354265 3.3169052093665554 8.867076063060292 6.975256430710236 15.176689739213382 14.171489097468601 11.520230494126753
0.0 0.5255973947274201 2.2314174072662594 2.7797093267913175 2.2140138295327514 7.787107747391719 10.517785232756275 9.125894971015086 12.994357282413212 16.270604623752213
0.0 1.4679321473845146 3.4441012506602786 3.4579764126251327 4.625319991795099 5.368344822516575 4.549393454837635 8.574719387404635 14.728377182239104 13.98485750251198
0.0 0.31055100579008493 2.2056368198025087 3.8545344109834043 6.521676459117973 9.094266980627433 10.49210373308236 11.335865668030591 7.574196261668811 15.974783222977651
0.0 1.466836335540167 1.9702926906442348 3.7533290343511894 4.325304724529754 5.798134587341942 7.502320598105451 7.902888686877216 9.76123761454723 13.955732664349684
0.0 1.72536266474026 2.7242068638178027 4.191763435631879 8.017165176258644 8.046619088457048 5.102202619021075 9.344149113029678 10.2194104928138 12.401741370591697
0.0 1.3461538132640447 1.2679357535623488 3.2104811852692263 5.076103757527127 5.989459760415425 8.60837455919768 10.106584047087255 2.8701921269095516 13.627483329067953
0.0 1.3589592048748258 3.11371852230865 3.368069648324404 5.322951536936785 4.234994598751872 7.496864675764792 13.559511545984892 11.28929753489377 11.942497533013679
0.0 0.5125792610898866 1.9119960694983658 4.838541756930315 5.214480300885775 7.609558187703154 8.009031237385317 8.502252925296341 10.433584147386686 15.693246417571618
0.0 1.86302563310415 1.5948240463398191 2.5335862208752715 4.949063960797383 7.334547018069158 8.132842396315013 6.038225992715954 14.268433657242321 6.580787776479474
0.0 2.0330144189591794 2.457332590744624 3.0938412011621073 1.6544115106563624 3.2277026219287728 7.8260688098137585 8.141907088150145 10.440305448187885 12.694711191822488
0.0 1.4806213395946346 1.3226356802141621 3.5511834758154928 5.827183870524506 6.292901201858075 5.386105690506167 7.468070491741486 10.399772766135559 14.984833924495456
0.0 1.4773121598753363 3.029550243306779 2.7700356482787774 5.105267999926992 5.942936528357711 8.562233709653265 13.626673942610633 6.845517901262975 15.976729887876797
0.0 0.7429404063943926 2.714789614228105 4.450484721789864 5.963824378633623 6.833941876295198 9.534211134447554 8.871854818939706 17.46756265955438 9.743076492061753
0.0 0.39892740959635226 1.4676391291311393 4.661206824636353 5.48236175820703 5.89351671842813 9.207665844034961 9.463780881179947 9.61297820215701 20.916641299418824
0.0 1.6069847345884167 2.7804654066173353 3.839233942579001 5.0466448805504305 7.893517924642463 10.224287421177534 8.947593170262468 13.402345355932264 17.54603287075635
0.0 1.8011704732420828 2.453243633376099 3.2798122054080774 4.602637939564333 7.419222751890139 5.825383716288397 10.040914804945672 11.739595329011795 15.062691116706391
0.0 0.05505070950340119 2.921798851553774 3.96645795700665 5.852056874363918 4.419516923344105 6.661745651988425 9.431613311139426 9.834610930879983 15.782528115861032
0.0 0.7781194122676063 2.230973862167209 2.856583925535401 2.394158753555398 5.990189745345885 7.973929121825034 7.709212274624891 12.794593607238761 12.513422071121662
0.0 1.7932585992373602 2.086277985002429 1.948095030286505 6.793278250754915 4.549950402690644 8.60658217218819 12.333083054326371 14.948006215439959 17.044042392320403
0.0 1.415947414978263 4.084590039278336 3.5280626519978653 6.315962216399751 5.768522767642075 8.612490567584539 10.807371752286668 14.234513062553814 10.679314984995855
0.0 1.5735923076583707 2.110572180092925 2.840956592640565 3.0640683400092468 4.543576250375949 4.218013662530788 9.712010593705088 16.06266499754582 10.840716918733795
0.0 0.4943521329458567 3.14005336022498 3.989305626154404 5.347110133842935 6.04113417520551 9.793515291605324 11.536658514541132 10.263585233526822 11.528720042043565
0.0 2.2392881167489826 2.3845153588866506 2.5882751832193436 3.4750802858524725 4.278464309026413 6.208895227367512 7.034571452226429 10.163560095013475 12.663501063835408
0.0 1.0162475042650434 1.7921110795170265 4.649083815168769 6.2137196558205785 4.884991812994023 8.416006874243319 10.498923770989075 14.977151819470865 14.079599412847855
0.0 0.12799025726271382 2.6874149617810694 3.3198200134580014 4.299796688271768 5.07755270610314 7.68649555652549 10.578927288401683 15.60507715231484 11.776424839968474
0.0 2.0578817866954338 3.303815561183389 3.908714435868314 5.765946354282603 6.439786717262294 8.402106851287742 8.296101104330003 12.31218498406177 9.7947293847465
0.0 1.7260990432049617 2.385852141115037 4.3698689458840425 4.958187046508908 10.643814468052604 8.768920730448434 7.654382680869701 8.341144810881792 10.17448125737867
0.0 1.2859758792484037 0.9253836844118897 5.08941013549467 3.1361522444209746 6.672731723217006 6.120672150841734 10.323188011758917 10.073407135506585 14.61723984520432
0.0 0.8900702643883759 3.535401773730049 3.7700718390614063 2.820117479362091 7.731481198792225 8.17065711395092 13.76025106472179 6.985043176946265 14.484427986687246
0.0 0.15434039079720058 1.9967507266836442 3.3767118682412267 3.591197862639219 5.996908448139078 9.32051467551949 10.998944945975536 13.315721143760056 13.61140434445915
0.0 1.1573847300291216 3.5088194420798557 2.972363589345515 4.686236106996119 3.730290121577189 8.017398065365072 5.944633650119193 8.944863605452076 15.596870116488306
0.0 1.1621005041762253 1.8490140011740461 4.079463628706233 1.0688913031590068 7.946567558753632 12.224987280991883 9.497273247694007 10.686265632614571 11.210495770965935
0.0 1.0559240204571108 0.2308953234592043 2.9708181351806178 4.058778040087126 10.031261911854273 6.593294066918528 9.666115507114332 15.302213802676876 13.302448914451688
0.0 1.462883357420979 2.7425661217376773 2.9004892177376393 6.515776797995038 3.6117896725156697 4.244368633901585 13.435034271718202 10.667469350791144 12.821310095296736
0.0 1.3722998658855996 1.54256678673052 2.4592392249222716 2.493208912171117 9.403272752393146 7.06321068287731 11.431590880559355 15.701883024991664 17.43861921246857
0.0 1.4424906095905912 3.9518820179376943 2.1981713582405042 4.162710686691695 6.654161365930567 7.800573306963261 7.392775840862115 6.733557405264552 12.052555393131875
0.0 1.3776323706209563 1.7288885800050664 3.521614965774656 3.248056856725563 5.911562998860735 9.117111089345268 10.908103121791521 15.50559229708234 12.841943790826768
0.0 0.8828351649513307 2.1603746475125325 3.086712260335418 5.807870367377006 6.821493633996177 9.248668713017047 8.772096646917381 12.28389423305377 6.02142102791783
0.0 1.3545915809177074 2.9978407172282373 3.981429388478888 4.582953371936919 6.786984541153782 9.290229051291519 12.463700081273851 13.593884507142667 10.701415559752737
0.0 1.1891334368686808 2.3160508269897315 2.579546227238905 3.878384580193994 2.3968189232564576 5.992697151724791 10.811923018703018 13.084148701929916 17.54547196476985
0.0 1.5033105951849497 2.9269947962960026 2.1206054833080197 3.6798335307231964 4.695657475787502 4.755671907774479 8.452164968107116 5.33389435010028 12.143122132838213
0.0 0.4263747578680367 2.943367083250778 3.461019457392248 3.7960524834448313 5.933597992671897 9.295502935485146 6.382913323356386 12.803322557842524 13.838004253295598
0.0 0.6627152810170343 2.0243583482786844 4.202589335484281 6.467303325973729 4.220494102056757 7.5481291375808555 3.6948035334461364 12.44829858982271 14.028745204741552
0.0 1.5506906809885759 1.874545413733451 3.65260576423382 2.056857105402899 6.391672587315339 6.833319710632739 13.10827663393603 11.747974503510545 13.665627242052656
0.0 0.9189395758044608 2.294650523165929 5.224518148553049 5.192000529048271 5.286560849769925 9.360516990364045 11.728495773060688 11.561968988524251 11.39839922395668
0.0 2.0031275737149405 2.7263830874238897 2.3969268026786823 5.2658464365182835 8.272177327199392 11.027212666482653 6.557542504794813 14.02471645604534 12.6787105079752
0.0 0.9027272985178177 2.9634142681971816 3.9430339369344805 5.084743039559108 6.492906120908851 9.35829586709655 5.865967113089571 13.856668189330016 12.169020337004522
0.0 2.1947192670179536 2.7828467845175986 5.917046368324801 2.7513822921079902 3.4342551880038625 5.769528349206075 13.116685896420226 11.103098094838543 13.396427343733986
0.0 1.9972897927008648 2.9460135088363213 4.071585105241829 2.679064702109003 6.5909849908972085 5.414056281960295 11.393212587826435 8.18403440802003 13.776198119893243
0.0 1.4282691435996455 1.692734150123312 3.45388333670379 2.641965066591669 7.153966022938219 5.418604635154404 11.642849518753131 12.747759759952002 7.7555660596477995
0.0 1.3528781425471768 3.433424578010575 3.399505306915802 5.09621396269869 4.42362609291509 8.53604556021195 9.747194620980936 13.301217983238134 13.282962714938405
0.0 1.2408624928390093 2.477969232911682 4.352040453504505 5.486894706926288 4.98686167252448 4.989218789729051 11.562087553824973 13.189944006031014 11.267992013343468
0.0 0.8000839281808593 2.6731286723162646 2.8939444978936586 4.805260159689922 7.914019466887021 9.164824708872725 8.746218149950197 7.90829654018122 17.151047955548542
0.0 1.9719967667429326 2.7207096307465815 5.977713860365651 5.1583629697170466 4.9744918451781155 7.045353505944317 9.502270940451018 9.667774590083203 6.227565944087386
0.0 0.8972972846125312 2.0972734785063336 2.7340631999602882 1.4099096297411564 6.7817597956734215 9.586534057793429 8.559248940580206 9.145896137589535 10.508643007785075
0.0 0.9445953567659892 1.8509966741214803 2.520321853829853 3.308763066108802 8.7427208709743 7.736937314004995 13.930554482613267 8.353934363529511 13.913841934446188
0.0 1.1261562581850237 2.743105681874402 3.4591215503251647 4.335322417291828 10.376089944122322 8.36717790606624 9.396357211253434 12.395545054397726 15.526292107074758
0.0 1.2623130049961695 2.2774913172950866 3.6804835820606367 4.057425735686315 8.037502768803776 9.37698672965662 10.289830973305826 11.869862644463963 14.124304241295619
0.0 2.1165483954689113 1.868837229817025 0.863563542120332 4.562791294924197 6.598523591064497 7.244218549478493 7.0463535596923785 12.97955026120396 13.924342873078627
0.0 1.5649529747066795 3.1299245236852413 4.920202658716917 5.269865633102902 9.961229071545997 6.727110087084021 6.229075138650939 13.888156219644525 17.28950672716494
0.0 1.2004657424735667 2.325849572166569 3.2817099294747885 2.737421081439721 8.553832586576393 9.671171573650064 6.578064787249012 15.857019835240642 12.810533488269636
0.0 0.8960614002487288 2.431158408836104 2.875067827494314 4.713089613195747 7.105069735949383 11.177859188699413 8.545099935767984 9.151924980133751 13.527479334358476
0.0 1.5611328170457122 2.397063034899241 2.8218352950064753 1.6620738642712598 6.8970013708196785 8.141328153245302 9.491319047608599 12.201758292807645 14.402859586719261
0.0 1.3667432105393507 2.7847366967814913 3.063542183635101 5.07618839575912 7.373276155247628 8.588303125446709 10.575282599303396 12.206394110237024 12.211224483417595
0.0 0.6110413104690997 2.0736697580327776 4.693786236805687 5.001758858666381 4.5911153062604235 7.010844860545246 8.666491741379758 10.752033182514607 10.63906073176111
0.0 1.4464560218600149 2.781652550330347 3.654320804950299 4.27461667495556 5.9222373295900805 9.75104070139436 9.810863113795701 10.466421798634162 14.483434206999515
0.0 1.448692191763531 2.699509061128849 2.4733547122668913 2.031571061319709 5.539285732136637 7.483664481289644 9.770354326316268 11.981604295532076 17.342291983750368
0.0 1.0283193757341005 2.7607848684310463 3.34766766610281 5.957989805206873 4.456120060587058 9.780032740558354 9.823484012186578 16.233116143805656 10.85976628607342
0.0 1.1879826752709086 2.1377573654578135 3.512586806502554 5.541598065142509 5.123887402541665 7.00460230179378 11.065397294130356 10.069548878352927 20.809650760299142
0.0 0.9814147539303374 0.5242527497870375 3.3069514001659366 5.226421464374648 8.600868201051727 5.119149178789106 11.29510507895611 10.735671278417511 11.099967246127704
0.0 1.1913197766919155 2.018873828976524 2.8154858973839274 4.417528842663175 4.3629267799231455 9.510572236015076 6.687164791462526 11.627486416099059 11.395856535358666
0.0 1.6556484222061245 2.328577220376502 3.8647981651903422 6.024950202639361 8.104320091656396 3.8728182407833875 7.0927247665738005 9.417441777516029 15.540957939972026
0.0 0.5190487919174901 2.453507607180353 3.464762878804938 4.795957335486602 5.276084864218706 10.06824138500065 13.50242470782823 10.770759421067227 12.80396399309845
0.0 1.508363442270481 0.6134324912832019 5.041358671201372 3.9377216334417775 7.03741668947028 9.514245435230528 13.874746296877527 12.105569663098867 13.705010351531815
0.0 2.1603311316473373 2.619033667589626 3.443620274540971 4.636769631225083 7.758150981792576 8.928551965757372 12.593641712863313 8.09285219370487 14.711610861931547
0.0 1.1216637798146263 2.9861292278577616 3.5929817013331173 4.523689148871343 8.028611313794588 7.561978248802854 7.121997683744401 11.747386601359002 17.1549607583787
0.0 1.2598652782293394 2.0873713287745566 3.218919584472863 1.6169129722355433 4.73805047095254 7.599135114096616 1.8374022537526054 14.462234455520802 15.561562396884657
0.0 0.8164372365585514 1.8412692870547502 4.134556622666733 4.260365818709602 2.883731818030454 8.300049034505582 12.439979276495015 6.919509571845773 11.891916526235574
0.0 0.5981632202750587 1.7705463654524705 3.6981568527087907 4.161079578381701 5.493845778896568 6.938390562039463 8.09270134432472 14.019637558534964 10.775392162762191
0.0 1.1284551406644903 2.850074434995607 2.5313658525936846 6.010445580881361 9.24541952332526 6.8667462613001815 11.643552205288152 9.145511557728122 15.880052707183347
0.0 1.907896377992759 1.6553602758273211 4.917742848339424 5.822910836719275 6.521124000168384 6.016303789502186 11.846127521055122 15.258977801609143 12.942713650371084
0.0 0.8039492695144052 2.6761009167340726 3.2587205583887773 4.391145442657679 0.9770574250551809 8.406667475605389 9.745971231584688 11.397856075961068 10.287691057737405
0.0 2.0304996716528 2.450142181988494 4.043416064886742 2.101512088504936 6.3971183536402405 8.94745586219467 12.392258280593182 10.307980899986179 19.10533334450407
0.0 1.7991158401055722 1.53388819827571 3.236077698243958 6.57700896716307 4.618901888101503 6.913721055983189 11.065918245259734 11.359993267882892 14.716034657766
0.0 0.9792155833242159 1.850888708297488 2.9055231890478312 3.428172769823074 7.99323665048057 11.77688196560337 6.81377813989195 6.4258250765750144 17.310865740454233
0.0 1.1379307694237073 1.9421623408292061 4.282197129139006 4.2384788775693005 8.955652228263144 10.693705993733547 10.046150302370474 17.041817999074674 16.366311136291984
0.0 1.0221766687584704 2.4833468390962112 3.959447899255579 4.161410682903972 8.994167352105215 8.87890041707068 4.808067630804451 12.806269401648178 17.154709877698426
0.0 1.10466450045647 1.428092099948292 4.219258317215033 7.1804748859115985 7.382864204206831 5.906955146855658 10.914854676217427 10.680869501762349 11.849005838990248
0.0 1.550609898262986 2.04432438808753 2.4719023189098737 4.544490168479382 5.464975074903996 6.915201035322837 8.539334921131207 9.123479833560848 13.743826552778474
0.0 1.7694137652599542 3.7678216150495003 2.9100103132725454 1.8652501530249679 5.560311192286024 7.023638764608412 12.185373840285294 9.96217859045011 11.353574781861443
0.0 0.6791175820705616 3.6566170059696033 2.034137462167934 3.522490720621361 6.58168770525222 7.850684210534483 9.888237007737935 11.998330799077946 12.596564047518454
0.0 0.976768583439151 4.176943368350847 3.1880798901432885 3.1340393031359715 4.850344000782453 7.748977769908587 10.121011274701461 16.613429950366136 11.53715753292365
0.0 0.8101964209886743 1.2451998501542088 4.579626902185657 6.468580996711653 8.713707371695527 5.791624802479484 12.835076545095518 12.335612773777488 16.18834426971259
0.0 1.4991203968802684 1.6872796532266445 3.548235167683446 5.448136263174636 3.7753661963398892 6.285070062165878 13.589560977192711 11.015948548484605 10.89100826907863
0.0 1.1707072162907455 3.2773479179237404 3.0869991088684103 3.3445096698184513 4.266213483558354 9.313526795739785 10.719492353521716 10.074539975441171 15.237901610208851
0.0 1.1799922675768215 1.5720272886453193 5.319024093974721 3.931800106875606 7.608714904474399 7.986980821905706 9.824038542476758 14.486062579227859 15.491794260087866
0.0 0.7959288536340312 1.5468360171940059 4.777826952427126 2.711434404183328 4.053245688086835 10.218372593164586 3.357497744081365 11.659475448325646 13.662911647548706
0.0 0.8603889021986475 2.958851094034223 3.6037050039890284 3.9919633942694674 4.5632468259870995 8.13091761354669 10.218134688344435 16.88968543757308 15.597505968046333
0.0 1.1516264323480265 1.8602090228822554 2.6711412274081874 3.1829592966053646 8.035952721773905 8.474652235520619 8.614070724813237 9.061344177959192 9.828743440843809
0.0 0.6268425698280957 1.2501456544747187 4.571610530391071 4.558133110312198 8.309090834895303 4.645181006921749 9.43878042472393 7.534739597328543 11.878458683201057
0.0 0.43152043219461284 2.4356101605558345 4.511854678428692 4.4180428628911015 6.476015720689512 7.93519469975609 9.240380066736616 18.593328246721043 17.79019181688855
0.0 1.6442183166136746 1.6876594243516696 3.1380616492813522 5.260780677342574 5.778735337368632 10.157045958518257 11.205590270018085 10.630676623881724 10.856478132904998
0.0 2.0072875906654595 2.999297696320196 4.395462850629378 2.4963268499849445 6.5009763900843875 3.330319331459231 9.25273742208958 9.828599727924255 15.988432989158255
0.0 1.168204951777045 1.880386513640898 4.025788999001887 5.487594036192398 3.980791495059958 9.656452866211373 6.321030455034802 11.483593941858594 10.087073591261271
0.0 0.49346451729260743 2.360777420611248 3.131023878482571 4.080996419989514 6.4264527050679545 8.980333913316349 9.858247383035689 8.896839882260727 12.554669880141311
0.0 0.6939016302378288 2.07750638214544 5.247440358312692 3.6099873338595474 3.4356803706060126 5.9682782704003765 9.422375605095867 14.23065248846696 21.71872561546612
0.0 1.5236704619753518 3.458325253201826 3.0285606165776464 4.152148784516576 6.499626171236711 8.5713658139939 4.875546328881673 9.842801222336483 13.493948233177036
0.0 1.7800449515533316 3.0579112438729137 4.064603023582974 4.324399924785317 2.890116543263886 8.918553259474622 9.9697821141045 10.310982734426016 7.760839435243172
0.0 1.3042795570208237 3.1871373249639285 4.873108560677134 5.506278200584809 6.2414158342251485 8.450786575027218 7.003068498452394 10.162657100870328 14.54666520928807
0.0 1.7325217480108797 1.5969786537997808 3.684619171403658 4.3996149387575665 7.970568787771075 5.998224634511426 11.21055290915034 4.503850671016994 14.479925444998585
0.0 1.2138278067183845 2.66649324788307 2.146219251222451 5.523778398614956 5.115905665102201 8.459187021007793 9.961355558042513 13.534545273631085 13.633512812358909
0.0 1.6646124010820413 2.5457202724509065 3.4900361340960973 6.216102462549837 7.1125991977568015 7.503133598431351 12.11444401640511 11.393047761839924 11.044608496906967
0.0 0.6141905712858287 2.7455173964062 4.860522454639839 2.338772880487182 6.374217532583694 10.59250102584439 9.965755759299372 10.750212605785709 10.100927820396194
0.0 1.5833773634184354 2.957008525534012 3.683559265654079 4.917556038948289 3.5685719413102417 8.873304569091685 10.347526259238665 9.675682139871869 10.447926784951601
0.0 1.1830659032596962 1.9936981445810862 6.001996061043172 3.9846459692150056 8.510931517314868 12.455767949055524 7.280007267196291 11.941429645583428 15.20612201214179
0.0 0.9999780645609805 2.8097578118594875 3.663875853394857 6.759977544014665 4.165462523263566 6.551020242544617 12.993403870477236 12.247472655823119 15.980955720107675
0.0 0.6961687291136712 3.1581172725427704 3.9992914511515876 3.804534800001869 7.592147373042152 8.737764023705093 7.855096747938597 10.89035623575195 14.815702278904203
0.0 1.275573433714972 2.7060583813210277 4.134048254600235 5.402740187711251 7.353297875078427 10.980019161685433 8.426053571188785 14.095717837808504 13.941279443495208
0.0 0.9178746804009326 2.2005395263062844 2.9710181417961388 7.131523500095571 7.63355619981063 4.93750113266641 8.294558863865294 13.495594970050766 16.203999875302166
0.0 1.5712512950131388 1.5968382912057297 3.3205085899999154 5.783921462091266 6.297949658742891 10.187748117476598 8.380778372860334 16.178589301734327 16.687980600439978
0.0 0.6002600435144595 2.6732301906551053 5.800861073677229 5.404390233242369 10.101216116542622 8.485916999340597 8.680867289440396 16.060752518171366 11.788534030257193
0.0 0.8292037091494155 1.9777525654326351 4.124736305699666 5.410673378935385 9.31865454553452 7.237497730383934 11.414172964047339 9.97404204965786 14.13507421121521
0.0 1.9318097340864409 2.6019169870624914 3.610026235610066 6.389225609181954 7.507138269536941 9.865093416317219 9.91476676110603 9.609762600165212 11.967984854150988
0.0 1.234084547316755 2.9022750761776672 5.305436117395535 5.470592094180857 6.3712690600487 12.036866374376128 10.906289796189125 13.47509895771801 15.021489426108541
0.0 1.294342501248164 1.3596599736001227 5.239693061848386 4.505502609622804 7.439942350705201 9.86930331423028 6.693697920208887 15.680239741123028 9.45544839812707
0.0 1.2371126755945856 1.6202459032591505 3.986527938840841 3.9988840598043067 8.440413248701285 9.08976872422318 8.543009409250269 14.17337889833968 15.505175177938078
0.0 1.7956044066085781 2.563805421920523 2.965330520822435 4.735905367221377 1.4774240434656891 8.244054158807307 11.424830881140997 12.808970573140769 14.166151283958007
0.0 0.8298867968039072 1.5926467959742863 2.1699723399807667 5.099852959256379 8.924812981844335 10.260549747425939 9.97362890493781 13.046115492950092 9.338684814248623
0.0 0.7958889304137062 2.349303786954942 5.026389007693806 6.137002367104541 8.38618885720348 10.302298167356547 9.38099782536781 9.980227048426883 19.75019992576653
0.0 0.4327279556691384 2.4714207441937743 3.777641768692669 3.273278918960732 7.70094892732526 9.231832583586906 8.10963037613916 15.811435025369319 15.470167017819069
0.0 0.7242731104620701 2.135420377258146 3.777641392954129 5.950788522184439 6.360204293229618 5.026024212860271 6.1649016798930445 6.565350651451108 12.38505557992281
0.0 1.038540651502594 1.353725305434096 5.969990758441725 5.9630968830812225 5.161122455243468 9.251206942228277 3.496568271879882 10.932655985984736 14.139250908831336
0.0 0.9441603618758693 3.110434602294077 2.7348736868006243 3.1726138168062654 5.967164002351384 9.16953902265581 8.261507690928479 10.456314482448887 14.783852915512524
0.0 1.5117962068109816 2.220225815835263 2.1606556035060245 6.3428186013911825 3.443133363149037 5.493760581312256 6.465452413770848 13.322195583732038 16.037221246783524
0.0 0.6417362558601287 3.198300501556975 3.7517433522724506 5.097777213761984 8.813290337677108 6.683692037171461 8.382666244930073 8.771329766913713 13.189969202728832
0.0 1.2211904512306164 3.623223271695833 4.975929582643857 7.005476059696237 6.856092240947768 8.043759959834778 9.115969053960805 10.344713296074024 12.767696428972702
0.0 2.067579190750774 1.1784613469630274 4.001196283517448 7.076570528704133 8.452327022938581 5.463325880683764 12.339981238905514 11.003273533194019 6.673687490082492
0.0 0.5664668645334587 3.6841427671358598 2.3485293560771368 6.710445515103886 8.797935413332885 10.284598051863458 9.283691391221712 10.413286845087553 12.283811942839426
0.0 0.8430529636619831 3.1015835674596053 2.75122571916899 4.407562098325162 5.8112466846174975 11.183749205453 8.557901661775325 9.975479202640535 16.920368071620793
0.0 1.6073100373769635 1.6684329247566396 3.382048332948353 4.079612845088952 5.778319840943465 7.408453736087349 9.477654019865653 12.722305077016733 11.472313061041595
0.0 2.009699401089678 2.6482170589494127 4.642288848347047 4.1308330929444095 7.5021367646087365 6.0427603888465855 11.785827167428263 15.20680401996524 13.370863074298184
0.0 0.6538191584883648 3.1220271323128546 3.3553712634388666 5.743958092320433 8.206745228767875 10.074623120820736 10.645945507270861 10.350053847316467 14.082073261296022
0.0 1.0759802392269773 3.0525475768618597 3.655864919673689 8.27898199139696 4.771690604405573 5.750181755737595 10.93033001470933 10.940100399479961 11.657811478763485
0.0 0.48114249575762097 2.388963833774576 4.380028574636698 5.89684719102699 5.9684770660907525 9.797868464942521 8.127454357421774 16.882745472041982 17.211801089768766
0.0 0.782109226977206 1.8059781298775353 2.728141779156671 3.4695739647182466 4.032799204133534 9.11569618308244 13.183908516719379 12.18055282310807 17.915934462665607
0.0 1.499576867020321 2.4966109322819166 2.693692044176629 5.078166326115286 8.469386586313824 7.793107022846818 6.118835405083707 11.611201198355493 16.468406419999276
0.0 1.7754879728456592 2.4112341647507205 3.093598315587599 4.943254294702094 4.544360219722995 4.24611643442263 8.934878791348147 12.935573046653644 13.862286742717899
0.0 0.7307362089712235 2.563165286650878 3.322112783754092 2.9931124266310887 4.378310270105942 9.908702130870372 11.513282795112417 13.003453946748389 16.944708448950674
0.0 0.932182068467416 3.118614623599979 4.564500756075135 2.3714789523085416 6.4737788682629445 4.683434317268208 9.732611467610035 8.057772681171823 11.998604916993898
0.0 1.3119363193115983 2.092429526067715 4.282274136692841 6.633367967219098 0.4251443101694477 6.687926787908037 11.127318753149492 5.823810972940331 7.625942366790929
0.0 0.4263126551190238 2.180354748103242 2.9531107600483226 4.732530945997979 5.479156949862845 6.638908328425922 8.694429460329603 14.02778177501288 16.553400522002413
0.0 1.1986986821079737 2.481047441394263 6.043166434152375 4.108198749692516 1.9018918373669675 10.164780251693069 11.152741812621747 10.51677654240423 13.38050225374062
0.0 1.2052633433606048 1.302549619353692 2.0690875242867186 4.015131520923505 7.774209257258097 9.123062667785202 10.806123301562538 9.316587729415808 9.818587106975992
0.0 0.8174549316991792 3.90816721662179 3.3891901489335488 5.137264280651084 8.76117471780201 6.9592550006372305 11.434915712757169 12.046756326950813 17.49064420418058
0.0 1.165194407607328 1.8900521156117152 3.7846351253999795 4.087976680768491 5.943524682583746 7.794776164134613 7.940737558471436 9.340719507481833 13.615729380584959
0.0 0.5436280009241503 2.665745023836776 3.453303321933488 5.699798782526507 8.350564034438714 5.239474538229129 13.12339277654689 6.483168234163485 13.899517764917588
0.0 1.1581266830067891 2.1476761040727674 3.008556882452149 3.2845212465773335 10.819807810323782 9.505378627243717 9.677741880745462 11.183724387555367 12.904750781728115
0.0 0.549711963305707 3.0828904657799674 2.632440640817315 4.496681107300993 4.691506596706548 9.99063957629965 9.253677177926514 12.21875583901853 13.679805232554761
0.0 1.3108447516590822 3.2635767153438864 2.089273918903677 4.323340836202806 2.864374682012605 10.645741403091932 7.490413854323025 11.341085673360315 17.114206119618572
0.0 1.3997974411342324 0.9395475049053431 2.7739571815820683 2.8499444154296474 4.1471313842542985 7.742315482905052 11.7776878282341 12.471469659457997 14.898920073538003
0.0 0.9330469632956014 1.6618157716054052 3.28058640944786 4.385824804794446 9.9254994476352 11.916960564025578 11.109913465889127 14.696029164987682 15.537808124389246
0.0 1.4498464329726257 2.171104560682955 2.464916930281758 4.466243452179084 8.187162952616486 9.354190895067886 9.887438131997284 14.225677528313547 6.313665890956489
0.0 1.722341912069711 4.466104158647698 3.111266957724161 2.94673741489069 6.516902777770407 7.9992554933126545 10.125391632838234 9.068931230763413 12.197125740927593
0.0 1.3686119076468746 2.12413884108288 3.4303609345142627 6.272707669713301 5.423987868514929 8.54747575933149 10.25556902073762 12.684595928435662 14.621402197310744
0.0 2.127422588486064 1.9395902583213651 4.105892213625869 3.317688006427124 5.32479944282708 10.737525689785832 7.762363425009252 10.846267649149008 9.060581331435571
0.0 1.0625313037922952 2.940585023599928 3.5572822463550193 4.728025865006466 8.029070369408046 6.946603465150717 5.478343340704238 10.352093560322212 12.012919404757453
0.0 2.0557171692377336 2.684558497622317 4.782099666357891 3.464190322316402 7.357153469501115 7.298907503250136 9.108421131379131 11.433080379447922 15.11136469829281
0.0 1.6662086630656334 1.8933219920703934 3.854833765140179 5.57694381641206 7.5804063194619085 11.322686855712606 10.431956364971228 9.033870217895767 22.386596866573147
0.0 0.9392177630409522 1.949026597719168 3.3600928762436717 5.7446112370164455 8.170498171863102 7.056971731245452 12.279897844725905 11.51387748128282 10.092340127375826
0.0 1.0107600996406376 1.8988580584307828 3.172335479116444 5.866804507020088 3.713850850716753 10.374625922332825 8.55144230450207 15.747195350011312 15.85315964693831
0.0 1.0432073043481205 3.5042504992847747 2.029124511234448 4.068695270558608 4.747899567308508 5.118428702253926 14.113649831132475 12.305233299448194 11.175211406659455
0.0 1.953450779013435 3.084647297689406 2.938494969245734 4.978869039013421 3.525606959322536 10.058153368479152 7.759472969530814 12.196135974991483 14.236829519046449
0.0 0.7626231202256608 1.5171799221313838 3.430286201588293 3.367771787886808 6.121320580951142 8.741990598456931 12.112724534353767 14.463230973159611 12.68204801036062
0.0 0.9737288500687873 1.981704425850098 3.2537797686876924 6.357707936210301 2.370114336109162 11.208668831615391 8.002641911642884 11.324042595298124 12.885703204391914
0.0 1.3831993411374384 2.4911922197615914 5.437819486471426 5.070563104114177 7.0766863183020465 9.969644468373259 10.331713277660693 4.798775012637968 13.718021045233723
0.0 0.9955228881769966 2.1555841932100446 3.913344552056928 5.657922656305692 9.383262630663342 8.6813489311204 8.797987459204085 10.206915518031247 13.984264174427171
0.0 1.364071978344639 0.8908915741394194 3.9288959944800053 4.408283487485249 10.047011405825218 6.87278775916526 12.853621938660385 13.139983188010135 14.407235330488392
0.0 1.2801900980677465 1.3770287405237494 2.449300844406906 4.138575205883123 5.120231556657288 8.495106482513195 8.517112064826648 12.663504029058672 18.95819436393018
0.0 0.6394646386894488 2.0788297768519914 3.800756036463221 4.659842732294802 9.673278863660222 9.924915838124447 9.41707888822053 11.329866795888682 11.570253941669433
0.0 1.59406889876832 1.8868811746593424 4.179276398766288 3.289312026487457 6.121618113617933 8.75807099524082 10.467002001370286 10.7630329450453 10.615492763118189
0.0 1.3676646239892625 2.751068380579687 3.435990351598107 4.968109635477399 3.4621439506330907 6.28414644372901 12.984954508950613 8.216530499955836 15.242387203573339
0.0 1.5433868863461804 2.537287972808922 4.131829600755612 4.730335091374908 6.471288709453907 6.703972475985344 11.609890254919167 9.641068408181013 18.098161825773904
0.0 1.2421982777546008 2.3029331228186596 3.1956026874507093 3.832886018469926 6.666041085815029 6.927841708416683 10.36985927088824 14.466782099393026 18.728488151339654
0.0 1.8946511152072179 2.8141942320982847 2.532527957049368 5.800355385457374 10.409238635044671 10.738164253342926 7.2633776009238815 10.609604156615505 15.990965913828658
0.0 0.8477665647717192 2.7370328681705947 4.09261163674096 3.610631008245215 3.8360533687625638 10.645676373445609 8.602575707717314 9.11222807151816 10.348011198828475
0.0 1.3651027741741717 2.3448201815024508 4.735128306536391 4.501948171631169 5.105806061897644 8.469312801791784 8.256833948355087 9.596435778731875 18.283644563159882
0.0 1.6506535810310414 3.1695670177954267 2.0577525023413337 5.79483688933725 5.157295053499972 8.042497500482664 8.43275734809229 13.371700754470393 19.96942019808214
0.0 1.1476201968776645 2.7919941297729443 4.7396520067668195 3.7681083023805897 6.938170965916208 7.873010624093975 10.177380991505622 14.340916339617133 9.932351405618268
0.0 1.2545915887693049 2.536557784794368 4.547761275604583 4.855078850047581 7.546059951899798 9.34594934881582 9.887226420815129 8.384895823267648 6.34992826079807
0.0 1.7786666142571634 1.6757948923275205 2.95564291464355 5.751118667156139 5.7790392655691525 6.84858361172043 11.482541998765404 12.865115791595512 9.461992683579988
0.0 1.5736814397791565 1.8936012805190545 4.4162169705232035 6.681852603160249 0.705945394475428 6.7964533413536845 10.005579606643229 11.150524429767078 20.28141546099784
0.0 1.5425532393165688 2.0742677007178747 4.316927658581106 4.154481393526818 7.170292929286368 8.859417354699168 10.849598300427683 10.379033873416958 12.847622161881743
0.0 1.5088920542594313 2.133839419883943 3.5866226899799143 3.7455086639793707 4.916338732767991 7.029032750217748 10.274275578899177 15.323547207313457 14.48099486950791
0.0 1.4119920639852461 2.778573787002564 4.171438169970969 7.283804593562293 1.6536363285729314 6.284136150882314 8.659049126418735 13.408471474530021 13.5054272184322
0.0 1.1643836721115375 2.319269346249812 3.2723906125281816 2.9533338433165817 4.825217855723291 10.780538154747244 11.105921765371905 10.918460680158539 11.468490402449962
0.0 1.548718185466229 3.9249849399527434 6.782553275331513 4.598751453477488 5.717137859022076 6.812648220010777 8.972751943372359 13.734198995224782 18.109044484104412
0.0 1.80806944425371 3.6850087547058656 2.7214069914652494 4.340757845899072 8.897417963345056 7.563721507986745 13.13659763782312 8.307327166347863 20.625615400047582
0.0 1.0958951972607975 2.11233481119713 4.382389109878082 6.558004569545668 6.805340858783383 12.152952064188092 9.270895697509946 12.591538277582705 19.44387402546784
0.0 1.6497796636701871 3.2242874762874205 4.9671002023177655 4.470713817456177 7.07626617928285 8.601142876433148 11.764501230234185 12.7132158329845 17.01480472165039
0.0 1.7234935335984731 2.903650761653419 4.426136805138043 3.297293166072066 7.114812811020245 9.143127022474074 8.371691748153463 8.848943009289986 16.47319634198256
0.0 0.8120908177666013 2.3354643249226736 3.5639008454031105 6.124054390840554 6.101694994441702 9.09187747507861 10.697405046648392 9.37257482610269 16.5118655886416
0.0 1.3073894075016639 1.3138332330601052 4.748209085053371 3.768101783991438 5.973199875683224 9.848424697792609 11.060768768915436 9.073268605239097 17.65055475765462
0.0 1.1266007396889248 2.576380620518533 4.907930263901039 3.7279818499583444 4.997738113946595 5.945765464334584 10.075189345593557 15.094074809085269 12.184718532976172
0.0 1.159371992724266 2.9321954172528386 4.827812837502695 5.238189301790065 6.729924383906073 6.108236875928541 9.53267675863711 17.46199474300739 11.312496474261494
0.0 0.7788399694515329 1.8998267211586057 3.6370065271750005 3.969305083825185 7.131100731246318 10.102654179234243 12.862959837020833 9.764952759185348 15.11360324656759
0.0 1.7674884675253673 2.2682805580585987 2.9816461382733475 5.231280876912852 4.765644267060413 8.728139551565906 8.738672018056864 10.425589738303302 7.985175701890438
0.0 0.781569957160659 1.8698178723785401 3.6459240760018106 6.169666926711393 3.2338821567868936 5.57825915769629 11.705471757066592 12.720979912853391 20.84317236125998
0.0 1.517469297341251 2.1669626563479296 2.0730296614053842 4.379060489766548 6.283870826422381 11.418697663393077 11.90662845540623 12.861368876326738 10.794642337639985
0.0 0.8452036861630677 1.1049777795258524 1.1480869882678921 4.73113473835381 8.789962403653835 8.328228476778715 8.446823053009135 16.286112488254496 15.062377169797236
0.0 0.864376595671512 0.5388093998002591 3.7721024734462953 3.8968591186320087 7.794518935222346 7.756786988349993 8.976318460277854 11.7784315495846 12.571148375885048
0.0 0.17694259926626774 1.5602402691176076 3.5483711603136974 4.555928439232595 8.328643667360751 8.273696214301228 8.748562710658863 15.906840971801193 11.868732849077851
0.0 1.2024090480903995 2.6109727495469794 4.6298291634230075 5.161675428040183 6.774553516562596 7.748272156068588 10.395922794608268 11.577049268394031 11.512040448212623
0.0 1.7836097836790827 2.1487461731525968 4.556257966855416 3.641204791230545 4.270876965494252 6.531738596585268 7.695468663121239 13.935139649828168 9.120469222485221
0.0 0.618579903713821 2.7522921847499786 4.409300884635456 2.9118737320623853 4.941312749375139 7.777852547581273 8.693590975506318 10.108815848530128 14.68733591244133
0.0 0.7032072715704019 2.9873312497698903 4.115151476599672 5.559691801717322 6.917729853278421 3.7598119994247585 11.623439937862358 11.96019342497912 14.472534469121214
0.0 1.415884378203756 4.183540692035171 2.9041369051182113 3.625877030571825 10.511115769822986 5.109622456911317 10.519534938115086 10.994777469816164 11.184831235268796
0.0 0.9421310063056476 2.211559679305017 3.98754726918833 3.6134838198491774 10.036993487076037 7.657624145171536 7.218473653301333 11.65277254972925 15.2027115934838
0.0 1.0983642116374677 2.935353484952692 3.547326490444541 7.436905666724663 6.405054221610383 3.587130796056602 5.534646765206926 12.803314157934919 12.356717959841184
0.0 2.4256713692376906 1.748074821356031 1.506018548269678 4.124258490447478 3.6650207402384245 10.554271244183395 10.710274786280987 13.795986944986279 13.289505027010497
0.0 1.1328935992475206 1.9966874162043589 3.6446813801193234 3.62655624042282 6.018141511748641 8.572145855424942 11.978352965019027 13.697657625214667 12.353760369254333
0.0 0.47030939416982454 2.4651786553926187 3.115862812747027 7.053263774378409 5.715784242747605 9.668840932864544 10.55200600475639 13.270253121506343 12.609182084305889
0.0 1.1565675853373842 3.227286315854294 2.1836516165004918 4.068691682003914 7.130732281092316 12.9822011105847 8.443396771760039 13.763359120743749 7.924729186785225
0.0 1.5556229432696012 1.9874146826416264 4.647573979814293 4.544664598241154 4.008172403699214 7.793131712475581 8.381817878321725 12.683969877930947 18.516704312441906
0.0 0.7745316745569019 0.9618571384562858 3.84046095663502 6.93000219148447 5.579512449890864 6.887257325230977 8.9872991208026 9.440519922731735 15.724328350798888
0.0 1.590227214328865 2.66264571247826 3.0777008439830262 5.5588083185018995 8.141977055259034 11.032508681414466 6.077321939980202 11.725810281223263 10.29930034529878
0.0 0.7618585131378159 2.7866746832713263 4.799495389721954 6.391364435722944 7.7293656503878685 7.246735110871948 6.611664935993068 12.336175321096043 10.401354457516712
0.0 1.7121385757967817 3.2825502080272355 3.9346897708986175 2.2618615110938007 3.8840433662483416 4.411913019027055 13.404187960423847 11.475509460252955 14.322108977573523
0.0 1.7404416177510564 2.801248539030873 3.5812660243817964 3.8889933100195804 6.556382466379358 9.231366606713499 11.940154727090327 9.618044646086258 16.054175672792308
0.0 1.1524494594226673 3.3195792914028113 3.709935973749367 3.809688497794956 6.493904023604136 9.773907419548857 9.945501370551908 10.349430859029258 14.136563130893784
0.0 1.6911946523672203 1.4474107542896648 4.756616412914774 5.839061462650575 6.371100769176607 7.925691668281482 8.717481090697271 12.0847551025522 8.351689790736756
0.0 0.6714468375872048 1.8470800143085493 4.18709472509416 4.039324903568206 4.989721857853546 8.89069849305594 12.17164695850647 9.139287613304337 14.470264726724555
0.0 1.0579398740944839 2.2014913138773777 4.521668466185999 4.741638252360108 5.494176315189825 8.853858233122581 7.727153204096583 13.780876732538648 19.25710522328635
0.0 0.9649839371246243 2.986067143379585 2.8757473884694793 4.680581498310286 8.100732309983151 10.851727157871567 14.787530317848788 9.8519289414169 18.123507839874243
0.0 0.9851501305148994 2.534057002655815 5.116715137412368 5.988937830037655 9.62425397584157 2.5267634211722876 7.6015520198312165 9.067135708384143 20.38344950762278
0.0 0.8211629672278408 2.493380536462414 4.993452836154739 5.238187516096223 6.017741045488065 5.2060065852401305 9.09537010980438 11.222939952645287 15.774064238425902
0.0 0.6516841235524963 3.2295682086380553 2.0069120750324387 5.111313005403066 6.641651510147131 6.808520618633441 10.607236541117647 8.700130150525148 15.092910339086114
0.0 1.5551609106592361 2.357310470917227 3.7047874102490055 4.029966705504289 10.310300264630111 9.18804742377249 10.903245672860375 12.410889280455766 14.739076396982602
0.0 1.3914963105268243 2.175014334784148 1.442220558063596 5.788511192365083 4.833708908234601 8.158300658040446 8.464951764063205 13.348236659283222 16.878237130091893
0.0 1.3977535525079487 2.589078488412997 3.784863187382718 4.053201447907327 5.6236399764755145 6.5909117195353915 9.614888131842127 17.57576459228089 11.807763115197693
0.0 1.2941466145769005 2.0082274363384593 2.7687927422099787 4.509331063002744 11.098421565735652 8.03654953888148 8.045092147848766 7.8493010169863355 15.15022596663426
0.0 1.2059111167635677 2.499937805814752 3.377014216596163 4.824235807375108 5.835167355583597 7.1206835067704874 8.796766518499322 9.360898459198664 9.31848053902555
0.0 1.647488666774176 3.0032165359482463 4.323814957023361 4.725411139860935 7.529215629155178 8.358012107629104 6.422886707390522 8.40818356991816 18.16664733411683
0.0 1.2748957752949261 1.663773455773559 4.796427728901801 6.27498637794508 6.016522828136596 11.167492638348259 9.623022840917706 8.513052964302718 12.413384058757503
0.0 0.8803107321081807 2.302165152012442 4.686132112025212 5.481208529127523 6.15518282131026 11.350721874925886 10.661945936899718 10.799305445614928 15.687701270764526
0.0 1.231217008289884 1.7475197609699586 2.2055078848869067 6.220575645288632 4.570373140158951 4.311932736807202 8.809211957572225 10.791771154047238 11.934150857108182
0.0 1.3999994763902497 1.5104015321100663 1.7286886164715665 3.7795183430009835 7.028588939428692 6.975136607089122 9.3505795251384 17.041458697773283 13.579245014975957
0.0 1.2180385421389952 2.1242913327784705 3.9653185241276625 6.447035682984471 9.416858713979519 7.411180772926449 11.084833211099307 12.947354463581084 13.444357586364038
0.0 1.2089917701460826 2.0660514842136966 3.0332387531130682 3.479740600598221 8.572758819193895 6.4166726173054185 9.709156726388015 15.135992221682237 15.235601206798277
0.0 1.70204140269428 2.1591377160187886 3.0853202577638594 4.917013725372515 7.746199254050272 7.36709151451822 8.763007496316645 15.404935118804474 11.739762419632427
0.0 1.1240981570719688 0.5915275093539036 3.2778044322668802 5.985603733287576 7.437582635515996 6.614838929027673 8.754490181125933 8.24267041558461 10.437532304033015
0.0 1.524261065011237 2.3521086817555372 2.885882444501864 2.571063665480701 5.78798258393123 8.340703151084417 7.03208769417434 14.118608611351805 16.848968423163672
0.0 0.4112859239835607 1.6987147011504307 3.7101357627711296 4.529239000166002 8.549592552130637 8.28516877316335 10.261074803170416 11.146569624187963 8.654862457049317
0.0 1.5858472065855518 2.1101112275690035 3.5533893344449106 6.903784026338808 6.521326442275874 7.125917204313338 11.720866500554953 11.017963157680661 15.68542735578951
0.0 1.1163925660775573 2.4717650461571643 4.322764898351935 5.781265350986012 3.228614344050909 12.286160839499582 6.219285404429072 10.139806078577672 15.453311856528009
0.0 0.6411514878782639 2.562255865635668 4.952151091339168 3.714049690514344 5.188663760234073 9.948385395792759 12.223917874600621 11.701294315025237 17.408649196648568
0.0 1.5165566486381021 2.177916454861529 2.64093754360393 4.781029842651663 6.825143125205919 7.726779877483146 11.182223180452077 10.437840840669237 17.877129478316597
0.0 1.747929839964593 1.2129145753482387 3.0280945489376605 5.252856411584734 5.0534772780479535 9.666309006118203 4.029616492979924 8.168369712635709 13.62949424636674
0.0 1.574807643469578 1.830158948294968 4.338851714488705 5.802333809451858 5.032201243925789 5.605751982760371 10.803376663341966 13.808736061162111 16.934115562083882
0.0 1.4811295591765845 2.489259218284594 3.872149319669445 4.3822048146755845 3.8349661688836942 4.497023621547075 11.015948412110681 10.499286655635913 14.613809942379433
0.0 0.44829272111886465 1.9502261168804442 2.625550461694994 2.28999137571782 6.700168832610762 4.104775327620832 6.594159357031908 6.772579938588081 15.518889202788888
0.0 1.233971496750673 3.198193873954928 3.7727721353361554 3.651415728778287 4.017503944723885 8.228667512199275 7.409833833091225 13.511833471098967 14.169058383334725
0.0 1.3243167383051844 1.8822197217212733 3.8307594806670804 4.8530361107083655 6.686102718879327 7.3951457664436235 10.761605334777284 11.319555633382722 10.721647508955375
0.0 1.4217917147075967 2.46031951658893 2.9570266934231917 5.699553451763868 8.136947805059854 4.792966846643046 11.24066165335638 11.33763335746968 17.941948726493163
0.0 0.4778954026378985 4.161169697999543 2.6576305081681073 5.378945729845153 3.837706575518029 9.139059629054735 9.720615477949993 9.096515523151975 9.857132972792996
0.0 1.834014602466756 1.9194980798148866 2.139341852291665 6.8076192082372184 7.229565933287273 8.298230658211546 12.436555113532007 9.83428883665696 14.202035363775385
0.0 1.2474581961472109 4.5343031459665 4.331936029361014 3.852383201215677 4.610182229101258 6.799877400900403 13.247716025563923 12.963834287891759 17.722115122442172
0.0 1.7384330668056054 2.23319776790286 4.48895421824591 2.6128283687713947 6.68048045500777 10.550867963375808 8.35665005919797 13.947435403463103 18.38053324963477
0.0 1.356756161570663 2.77568040459485 3.094009434386686 1.0548559293073527 5.141131707857448 8.128353602051927 5.745001820412409 11.343123504520403 12.168585425425528
0.0 1.2383520404058082 1.2777969401588218 4.359885415750999 5.900114156949113 3.8425020016857645 11.50754800781281 8.909174984105443 15.253277855132353 13.411579321559415
0.0 1.6180311005398724 3.181973419662242 4.466091043164239 1.8323542330300706 5.291931395505147 12.48602999869607 6.3149256347903115 9.912550345147151 12.860982280089447
0.0 1.3278363855092954 2.1580226159937905 4.895513387779602 3.5873263425685997 7.211394612477388 8.377588606933307 9.172352823043111 15.006493245122172 14.549566650976576
0.0 1.4255172563318517 2.1584124998874703 5.010282573482301 4.767575005080864 5.433458227508136 9.264598637500855 11.805360013162758 11.911023333636805 19.45099228060147
0.0 0.9820228150843056 2.4290772411160346 4.063511530174041 5.3494517843027545 5.761253614364646 9.259296166267594 15.284479767291057 10.748857683203717 11.373543738918798
0.0 0.7451073818646253 2.917997621641697 5.0506580630667886 5.871046698152654 8.096956620744455 6.5827594317595395 10.045963783010983 13.107978849528632 10.919377718476424
0.0 1.1822112841499963 1.684471401565714 3.0638384756165347 5.509614711387051 5.944335511717678 7.484457531125408 11.834343937563021 10.848801383152079 10.749907985886784
0.0 0.3530606917554521 2.0155666158926944 4.603249031838315 6.737457197533385 5.154797799267207 7.328872059413174 13.029411726857179 12.845714414979279 13.323750896206404
0.0 0.5126407142724285 2.228359453424313 3.873437885395189 4.744783022179619 6.214192784545719 7.338802928369915 8.297969110952401 9.368805001099968 11.83628486570043
0.0 1.665713723532429 3.759800760486592 3.61305029518928 3.1534870097149987 8.118258568820439 6.208648313417515 8.529485068252512 14.444388265817812 14.355916838910655
0.0 1.6579224395184515 3.407112743481019 3.101335598950262 4.34187968896057 8.085515379989035 10.246737573187472 8.92066071020385 15.834085563655574 9.513067395886528
0.0 0.9361368147066372 4.253783305289976 3.6994019205284046 4.5616788066964515 4.317870761705633 6.514827198232015 11.015785130661088 9.197091913139843 13.120547963278701
0.0 0.5633274911588423 1.0553155804094208 3.2283227841605013 5.192719840366441 9.799639596868008 11.585264991446964 8.246270077351532 10.882549668219449 13.267997690787015
0.0 0.987125769251697 1.988127826761957 4.3542634666955715 3.984878911928117 8.243950468281547 5.142196435853789 14.495985735715518 12.058826412853154 13.37713813043967
0.0 0.4799768742678679 1.7027128584604825 3.6275267225873735 3.491150903175901 9.793929393362562 7.879038566319009 7.716509906201098 13.447560346290711 18.90260088784461
0.0 0.7757933966686384 3.143445870463005 3.0007840715162866 5.641024572732847 2.8387895428848045 11.15881756176347 7.504931782677376 5.7456496727397885 16.458937640554442
0.0 0.9326906069759695 1.3109865346304512 4.789784793207853 6.090669043101885 5.797583803984099 10.332223374518335 9.725598787896045 8.469604213133811 14.455018613277131
0.0 1.037460884605008 1.003672864059015 3.401130333825591 4.436919314500644 4.57568690975844 12.35300949863301 11.615694739856286 12.012003597016232 18.148011217480036
0.0 1.4503126974691403 1.8793386754929715 3.0174965273086145 4.3917768982722825 4.644720118870002 4.592784526113987 11.139992225232575 14.619162994549534 17.278853544516096
0.0 0.899548092136312 2.437074717482186 3.573683056377465 6.957536136594787 1.7049181626695544 5.376735023331711 8.217721790219695 13.579452247020416 10.741354420897386
0.0 1.2465649064695348 2.991982750306805 1.806042932992626 3.1642686980455688 9.329674761076493 10.14457248340074 9.246473699519049 8.3572959934856 18.369274501838934
0.0 1.4597736533247294 1.1440023333628015 3.4286471118775794 4.023533077031854 5.101588351419111 7.251255763949357 7.010743992325875 13.239834795664528 16.93631523413229
0.0 1.7319757903206108 1.930776974930736 2.75298505881771 4.733765375056658 4.782117058031847 9.020162765663775 10.401654295559398 16.572647129236792 14.210279824318933
0.0 1.3380851189763154 3.7712145418951324 3.8099245358401737 3.1185069685332087 5.618374418680726 6.286317875997603 8.141095993529245 13.880738662401749 16.902064549144068
0.0 0.7219074417819565 1.5148500423046614 4.039868602368876 3.505850872646726 3.372152635265968 6.993204409707926 11.263659845273766 11.894123388698235 13.032811159270379
0.0 1.3042627356572116 2.9031196105202235 2.752477924942532 6.965509418071446 6.568762327502312 7.155828015120151 8.369038168216681 11.769942407390094 14.124635669578817
0.0 1.349477950031457 2.9057497408769852 4.552721058448811 6.061737106532382 6.533028424878319 10.456948122209724 8.339753800905152 12.15713608174046 10.748106049998968
0.0 1.55272460917847 2.9073711891279976 3.132169608667922 6.809354389297541 6.5771045824036 5.612937336065177 10.93441853721447 13.769601839677394 13.272642678525921
0.0 0.6307130293140985 2.3754910942518954 4.4730740918051595 6.469488269963882 6.766070348468868 7.718230551598937 9.411845092053419 7.499828056137487 14.409723764170106
0.0 1.444973627530675 2.4770854471705226 5.312351668659167 4.022843968408909 6.568622007939719 8.843068897132667 11.768687205144975 12.375786450526816 14.623829613268828
0.0 0.9250826468204868 2.045548064546182 2.1377080616492776 5.088834025504021 5.958128425388019 8.745100353729251 11.53317384352082 9.99808019950044 15.70295172127375
0.0 1.7524272901019786 3.264319309239723 3.377015598164787 4.111355237575539 8.446083890044767 6.960284986326298 9.485636950987535 13.267576974662383 16.656039189389396
0.0 0.740350491782605 2.188803693960191 1.54978911632658 4.768115695641336 6.5256364387291415 8.284602153785539 7.524333335836052 12.78330970217992 16.680802957131295
0.0 1.5370517730993947 2.1533923450496206 3.2777701567723203 1.596739612226765 6.934775645393571 5.313988009104391 10.328173034322239 17.258636810603146 10.864762199696665
0.0 1.8285571371087668 2.5550646165832007 2.528454392017862 7.98064825850489 5.935817080669362 6.884990631900397 8.436304061251304 14.087491830659125 13.17328069759115
0.0 1.5840507242935258 2.808015445677971 3.0504076697463978 4.034872636668131 5.605270433028407 8.735073857142384 12.273565674086576 12.687025133627845 14.362947746354939
0.0 1.721691753884723 2.818335178771414 1.8415103659579126 3.6448514560517564 4.654280848450295 6.201110650036166 12.049113358167132 13.391646754249935 15.614681545996328
0.0 1.3226214654334412 2.0826695513787916 3.763660943422583 5.057685099893761 3.6603507556482633 4.467980818493162 13.451415787672225 12.038144352824792 20.794985608561277
0.0 1.1914065020099225 2.4900717841274123 3.662449192865268 6.620740473480097 4.147230961237094 10.501932610054542 11.125844454316354 11.938782727337324 13.75105142132796
0.0 1.0417035056727941 3.3776230074799427 4.351082803826007 4.999459129986892 6.924383739417068 10.628900968876616 4.9636651912454255 16.4739928655825 11.210366862878416
0.0 1.3414969785351 1.9639785269827639 5.353748723176973 3.321038985745824 7.00571107856709 6.513184479211192 8.331935926960355 9.027952717702929 20.317830891670603
0.0 0.7657741311515683 3.2962497777226587 3.894820757120214 3.221952575611588 7.6894700260201265 15.051098278527975 10.961701304179627 10.726867002915723 15.844871263606331
0.0 1.3442459278456287 2.9666250787227875 -0.07908424850097523 2.680529589715828 9.328958476185965 9.249703458362434 13.31242463748169 13.843499195710923 12.069204460704503
0.0 1.6165158668617228 3.28790585960265 3.0275352084543217 4.177132058859148 7.5099386887657875 8.37188468389065 11.969924473690542 9.166367547083729 11.877127049868156
0.0 1.6628450010717113 3.1078583280331378 3.6450497243160793 4.770391257971257 5.298611821130506 7.949160763910723 8.158768826544433 7.782360424981033 15.451577663306788
0.0 1.41866650033812 1.911301546568975 3.109227596774891 4.536350248346602 5.736563287059745 7.763124718740354 8.35471859827284 12.110172623750692 17.708332247868437
0.0 1.1879639410793517 4.121806874010379 3.2531288767648325 3.771891056530941 4.52363043901357 11.549123347310514 8.040850537115928 16.62635628514414 14.803834893033018
0.0 1.161272326820918 3.021695344163264 3.612614110586977 2.482790911104102 6.704813113977284 11.481428972384002 12.689842623296322 10.815743018752679 12.924866359765275
0.0 1.5811018349521706 2.36234058208042 4.0803956169255935 5.253814348280861 6.1231223493698925 10.2953369864829 7.894529776299837 8.820109024675107 17.053896075854773
0.0 0.7841780396010504 2.0649134490685443 3.24597055477865 5.770774917194504 4.595028725387705 7.64559795160217 12.281365438327642 8.002662060791504 16.91946289314495
0.0 1.2647965832659904 1.1985836478433074 4.778342116878282 4.995089525269931 5.419958738267029 9.067726433295796 9.892409345659297 9.414645161385298 14.681197698498158
0.0 0.7258626601838054 1.859070800818212 4.057289130163846 2.641785264213112 5.982588139015382 8.580944643020928 7.789957855677419 11.38447977569339 12.89017051632286
0.0 0.9353901808339682 1.5358103083748331 3.0233656265397095 4.3439451628359755 7.77514255488232 9.030109150147787 8.199212477373809 13.591607756826551 14.388703089851703
0.0 1.349592352315635 2.7436540393779167 3.391492021868485 3.499809222095748 6.335602970621675 9.51471931945166 8.377826914931493 4.714892384310911 19.55117646503143
0.0 1.2547184060795225 2.706803092947086 3.836119157388733 4.887234419599396 5.1496147543771675 4.735658378360012 12.850336055695243 12.585279001967042 18.704185264508755
0.0 1.1941514892580989 3.0393285214894887 4.824649790343373 6.560143157266445 6.717529236801415 7.578729552264566 12.319071105427396 15.243880423438958 13.387912104720836
0.0 1.0553156542836197 1.7524772508980202 3.7956393721058697 6.542349980712592 5.84892047167065 9.489700952749754 11.44511777564006 8.69991278474018 13.27384085713759
0.0 0.7326370549761129 1.7249767715953126 3.2054678963814163 4.6441952431484195 1.3932515740571205 6.926101377963694 10.031265842942734 10.703189062225558 9.394984408099972
0.0 1.8951847290197483 2.4562536202856475 2.885110150772628 3.347832833126781 4.538027981084977 6.198401709842612 7.161472088784515 14.176991346642568 11.869717404647151
0.0 1.6279858103944371 1.933121147390702 5.132068018839708 5.474727263376703 8.470246503903109 8.73918355417981 6.042346658064936 10.44941899529473 12.402468787514184
0.0 1.8974067933498315 1.9672386118472949 3.8903463223605597 5.650526363439882 7.949993403560997 8.277554151538594 9.672369877752166 12.890656787279243 16.291205719208175
0.0 1.4257160705810592 3.125649861024243 4.523708016301633 2.6467474969715976 10.638651555350043 10.122585565761687 12.40275777153827 12.40055626113756 14.32385737240561
0.0 1.0216583370136612 1.9201350147595988 2.327183418166064 2.093658854708005 3.564862326640127 5.493090514975527 6.033450295527944 10.459223578777795 12.517424303108573
0.0 1.1925536903558145 1.6715817956832875 1.2786325162153878 3.3019502765622493 1.154338404380115 6.677826392357763 11.361811410295934 10.755920431413973 11.13618439406407
0.0 1.3174318797763918 2.2582393605923894 3.5517367846992136 5.118239886736798 6.539843359553465 8.39169381760502 10.607566637520637 10.366469425805048 12.464387382898781
0.0 1.4013866726751567 1.5795165806824853 1.2925476646516811 2.6277092251250234 6.785567541991112 9.067771437136292 14.580297642788867 7.373984994230969 18.22213027184244
0.0 1.4234621284507816 2.2350370567903 3.3525673065910717 5.169711200902832 3.4100988361198317 5.996188206998813 5.54174184199789 10.111926110736718 8.756684591573595
0.0 1.8559450201014598 2.4551534820365974 3.782670264136839 3.434285907046004 4.958127141445717 8.22859015727596 7.836606554406571 7.104616527670931 16.518248026573136
0.0 0.9804530602540075 2.4307988506641216 3.1178035619379587 5.229488706744447 6.023399078998752 9.306220122239647 7.801359901712181 9.520896703762837 16.24115114512672
0.0 1.2888520685432028 1.1450648323093733 4.655642336768264 3.2574725374986166 3.2905536143212175 7.10753442362136 6.651326411370339 11.98941052079372 9.134474373629686
0.0 1.4621914532198665 1.1945816784340015 4.0220955980991615 4.024783116547344 6.313261604089805 5.009479636717718 7.218049800004325 11.848139934887477 19.5405788845242
0.0 1.5956988495176496 2.4233093536689383 3.5880073472983365 5.003909484386708 4.125205713605589 7.606034633599006 7.192569045212712 9.439058534107007 14.443262593603285
0.0 0.36506473299266917 3.5658632700611954 2.8070696145932956 6.241557763347502 5.019271328527112 4.627333034349796 11.034730634786605 9.964689417060557 9.92105582058961
0.0 2.090684607430756 3.433856833099556 2.3691883835973533 0.07509528814807667 3.2213211240165616 12.340038665763238 11.304275026923946 7.755822994747433 19.358760094323593
0.0 1.978123734144611 2.418645004606962 3.4074327369965585 4.785027139520054 8.025156111212418 8.468935476013339 13.959146686509843 8.851991017366014 15.919369370748708
0.0 1.6188314177168366 2.338158542359138 3.676549308266264 5.224589339300938 8.817328826258924 6.402024696699907 6.367004895519199 12.348003404089999 14.42770167696
0.0 1.758703255264069 1.853039934675065 3.016049493148497 5.576950404832753 5.997151064620113 6.461242901814455 7.882339345978332 10.570317634785441 17.441173754352864
0.0 1.8450250090405966 1.2550964171749401 3.114015422661825 2.2001535609130896 6.022231794492552 7.624108330253051 9.202711680250962 10.210161423047044 12.729489324878596
0.0 1.8249354244553566 3.0043757725231033 3.8757305168267573 4.748971647256087 5.1902339022666135 9.532872558822 9.377978940270104 11.950953856801473 8.7913287838848
0.0 0.5391798704634422 2.647713484193596 2.070182138786682 4.739998828865709 3.055810640645896 8.045835558467296 12.952909396180493 10.041826079466032 16.16855283968969
0.0 1.3793999392295155 2.722740831824886 2.7183360385451816 4.3113766862980025 10.002386114472307 6.988637793074203 9.115108400630119 11.41285022460531 15.480236023969528
0.0 0.7160911595345407 1.0577304769288793 5.600525020885153 4.757380021153372 5.57361160201513 7.342880380650426 5.839649605946407 12.766871491833124 25.29916012685263
0.0 1.4942126629304535 2.1506630643386964 3.090471816825673 4.262550446126539 5.900030869161518 4.837211824499854 10.46189496852862 10.509514920195803 14.972555385921613
0.0 1.7503216515531956 2.9378575659262833 3.5866409877762946 6.492454962161126 5.162648005674354 5.30992723475824 5.8564058898722315 19.333149349685442 10.568244337193745
0.0 0.5613614615762261 3.0984249758783418 4.239311536164403 5.305750390059955 5.835982229039897 6.964119646540804 12.384667087582645 9.718808724341603 15.350408013064518
0.0 1.0911455336647629 1.986966799549793 2.0703101717347487 4.143654127607212 8.851329999764806 5.658067664600958 10.384093243092282 14.318785249693857 12.988272887762317
0.0 0.821249792194015 3.6555081587734355 4.423788574198156 4.666476305488236 9.095633694847457 10.195960405066067 10.73443317526191 12.025479001831656 13.51536929402731
0.0 0.8754019362756944 2.042505715527659 2.465164989036836 6.002554026880018 3.710344866250975 10.388443935111749 9.046583215128425 13.44972314424892 14.398675191693624
0.0 2.026263081457026 3.5793194349945807 4.777361934941815 4.537530895316011 4.614223112107524 8.537213609643405 10.422500660960095 10.414498185177692 14.172145488769676
0.0 0.8049834080437548 3.5708058639632916 3.8341756932732367 5.886247290828841 7.712876369619273 6.1498414489128805 9.494558562534806 8.242893444095397 17.184651686900455
0.0 1.0786291855907553 3.0266290062192986 4.9310752060487415 6.012704197043045 7.154105324947433 8.453615191327998 12.832438664126933 10.919512168210677 11.634212417572542
0.0 1.1361377284051466 1.0509946936273795 4.635839429173914 4.529764142275792 6.676141189977506 9.366464520825843 6.369538084694138 15.802793837465245 13.691412648054316
0.0 2.152580684903351 2.70545870146464 3.1362638244783043 3.6251571873960096 6.222655551575014 6.069960114733577 6.50934031750497 10.84320750207212 5.8232483497883525
0.0 2.26387433878599 2.9495925587289737 3.9863312659714993 3.0501853751142733 4.83676702365543 5.70730436784867 9.732835503553371 14.750136836386117 11.995119247013893
0.0 1.1591726395933237 1.6737121684985163 4.281044490190875 4.5927260005767785 6.428245354702303 7.776349421719901 10.554799632387947 8.029223353495667 19.165196593281276
0.0 1.2477772698977214 1.128590035264455 3.5151920524889566 1.8295411492656235 5.372732028344118 6.514402363997334 12.62209269818166 11.177148236577903 17.39345403939807
0.0 1.0954605263785084 2.6644676725356873 3.4560990932447435 2.5027733754911377 7.880333403569252 6.896392783054897 11.797489969734405 10.239933693250524 14.265316176270334
0.0 1.4250452291637303 2.6020646340211773 2.6265741273686003 3.908307951190113 7.615712349028372 10.609412595720604 11.330543704776865 10.190441286017856 11.037250026129435
0.0 1.6004994272003745 3.255654280599807 4.731294785417706 5.58850391153442 8.88593185618595 9.52891379968333 10.913846693693161 10.86613549275671 18.392681906712717
0.0 1.6471340604534745 3.305195670941079 3.173809163120048 6.389193419639029 7.968425485406444 4.2418489848509955 13.77493756655513 16.287297390480465 6.292710269954914
0.0 1.2552662809963229 1.2514337846046477 2.099858195533993 5.406813267592813 9.642060898798444 6.021714384160015 12.654253642646216 10.6286276860776 10.22701583788808
0.0 1.3295213351210837 1.8662179213103365 3.4996425018516657 6.241734631114416 2.96515479464823 9.847849120774212 12.190245854464562 12.65655686831239 21.016924234212503
0.0 0.6813105175663661 2.4946324491207403 2.6470637259806895 4.187981012606561 6.238119837562518 4.491694718224822 8.175679381985516 8.746648450572167 14.488870541083301
0.0 1.1157012893677976 2.427537215726731 3.2832592432379566 4.225336990206955 6.530896926509084 3.830848665755164 8.64148409286362 12.431954555212263 13.696369510718572
0.0 1.6269077249202952 1.4381608448262437 4.515157813204646 4.845754249379895 3.089410236858361 7.303190683355599 9.159029878693508 11.94728163505284 11.527780397276914
0.0 1.9960780801633964 2.0220731456967806 3.15777992063277 5.105499288817938 6.612539365432096 10.962781595859537 9.341310446540046 8.392067088051384 15.181404503588967
0.0 1.3927734454844871 1.8494789134800202 4.084315690141307 3.65797699359118 8.09995910399306 9.208407168547794 9.24288382826828 14.428373924661498 16.429340753366347
0.0 0.99510870265915 3.125417395860617 4.100735499939723 4.509963315502328 7.011740959542157 8.986547226074448 11.409038231269095 13.738108003177034 15.092505174871214
0.0 0.5258635937517138 2.8112174557307967 3.769341382401821 4.354855264901516 6.258923001623529 9.769789814170602 11.533738605265164 13.343736559477682 14.179815287669683
0.0 1.154316124850643 1.645434351161606 2.7929069272708524 6.3720878081136645 7.14538045642268 10.156085230649195 7.877570830105549 13.061544808039756 13.19625830005288
0.0 1.9644892441476127 3.2098775632286296 4.172376054500943 3.177458402518139 8.274572458671695 6.284774545636618 10.961357207614835 14.503031395876631 12.831666928806069
0.0 1.3673213205509294 1.530330372753929 2.509353111828882 3.250534130250728 8.361468133563411 12.753435871008127 8.234708516525805 10.445776584497706 7.492692009997096
0.0 0.7131455966749461 1.4933025160292446 2.880138581503639 6.020283410306369 7.301646024661854 7.125046304115284 9.489912872935816 12.847235186921079 14.268141844825069
0.0 0.5414608375784673 2.8652690583979163 4.491376284413469 4.143176597848609 7.884933281410681 6.388018839043185 8.173503475648596 11.639076798333159 11.770212072919822
0.0 2.2442002304861712 3.820371008864096 3.0597965811763945 2.0194490591671936 4.490235051160623 9.267717853527346 10.188014568626889 10.037988218118258 11.31349058703423
0.0 1.592679433924862 2.4947714156105816 4.515230575849219 3.738235233132539 5.219604227412892 8.48639286219179 10.820206708905733 14.021848743998673 13.616082392292475
0.0 1.6168143838510307 4.083057057381512 4.561976119708667 5.087792467058267 6.9502633123085875 10.365852342419508 6.204049671892411 9.613490144060837 15.192166672620194
0.0 2.0893657115793127 1.7114631599071128 4.261866977505567 4.452926139131431 5.921846402072676 5.081501963487641 9.9359725252269 9.11612540590612 11.141327681425308
0.0 1.1185666120306073 2.469604529652898 4.039859860055199 3.9888376703327197 2.194429992411176 8.704712165866773 7.153480623633652 10.372310826753537 11.552216117017272
0.0 0.8392951040050239 1.4318065037809597 3.591923046832172 5.580432565022097 6.85693342707155 12.563793133884696 9.43245629697198 12.583479992196825 14.259014602644072
0.0 1.2007123547216547 1.6733643805997924 3.7831195586800597 2.400191581810408 7.304673939038628 5.545557318135762 8.692380902188988 10.868371446182783 13.0048529257425
0.0 0.4173864631691466 2.3942063843414196 2.3230467881680887 4.196323431469935 6.0232142969157 7.074107415981006 9.954297734755214 16.46669328756964 12.58055070737315
0.0 1.3144148064758097 2.022132688199646 4.14073117183018 6.56726890426217 3.2118287419856077 7.070519948995429 7.438364542125432 13.013847344374764 15.196851500526693
0.0 1.7235784328563895 1.91503348604074 3.5891507225484576 8.14852238994436 7.572875417109704 6.336280601028774 10.167389432863542 8.246931738621464 16.080758843379158
0.0 2.03233813901447 1.6943934813532189 4.271964406234926 5.461162622571982 4.0552022384508675 8.841365733098813 11.78716657362712 16.60958436985886 17.39462780586802
0.0 1.7457748258206702 1.5292492406636347 3.670146275311043 4.5551351616825295 6.286962617232811 7.509561061335655 13.137149234111009 10.403365315770287 15.978759802100045
0.0 1.0149770752849478 2.3448687385638034 4.911880865982915 4.526305996087932 9.925906355481853 8.473541384799592 11.636008894166919 8.321349379184136 12.483813329323306
0.0 1.6356143322646637 1.5165803763054273 3.804177130752777 4.803007861010982 8.607089546607734 8.498935106669428 13.071680040954845 9.12528195069379 14.512580785905088
0.0 1.7269632373922248 2.004243838515282 3.413098267889031 5.36197012062436 6.150363141190277 7.889508589490265 7.363163117681299 9.79868080485716 15.368862914685641
0.0 1.5695227484547305 1.8457367757114178 3.082198949317241 4.695796598229814 7.219289695537767 7.178977667522423 8.828303461194166 15.1974055939934 14.218953908076548
0.0 1.2822072382091596 1.8383968774999622 3.061230960638896 5.377191186863457 4.951099340096651 10.217071641812893 12.094126652147207 8.84380536548658 12.217991977192714
0.0 1.9204894732743694 2.0432802497745195 2.7780771750859703 4.835117659867509 7.301969471041766 5.787952840063584 6.673240404009834 14.196653292829799 15.067053694694433
0.0 1.5323298095546936 2.297756257638355 2.9039166238167224 5.173181447237866 4.678613509687114 7.39471668510252 11.20040555844536 10.93926966736848 10.408788177754912
0.0 1.7114554271931963 2.7195624848348676 4.111177105858984 4.28776800996385 5.820871630907238 9.447762898248042 10.470018174160277 17.021646110993636 12.678812992242236
0.0 1.3303055259502303 2.342894017901471 2.897009929684452 5.491558891593478 4.828339356374286 10.652512566720992 9.473996946797136 13.768259587492611 17.409135871134076
0.0 1.999680885674812 2.5305669839503957 1.3386119584619738 6.329885022579954 6.571687155460414 9.143227963137315 10.652269276079172 11.681098476503516 12.031919040869687
0.0 0.833656141030681 2.3271039179483073 3.3294741203107194 4.610881455367221 5.499541225054984 6.545671019195212 8.074015091992859 12.59639718060315 14.84014133176383
0.0 1.614767811076063 3.792153156138021 2.993224852687856 2.765284721604324 3.432697765545256 6.042950495563619 10.398064835269308 10.692500396966258 16.097836854122313
0.0 0.9170923745336277 1.9003625475031836 3.511553458434962 2.7800675295844637 5.918576798185266 6.4807646390074485 10.626565693520497 14.36677786613209 11.569297522897308
0.0 1.765362709625987 2.7813608529732705 2.5383398605123566 5.706511708957203 8.552290847953547 6.467402803512011 11.94183292856083 16.75393152177602 19.866892606179814
0.0 1.009695811269499 2.655172060876474 3.9920640246067594 4.6217210657407435 4.923399029774654 8.22502524617415 14.67243825129966 10.623729728863822 14.137240189239133
0.0 1.0768086233830432 1.5202925768175022 3.9826503116839445 4.2315245414367695 8.763473036973881 5.513637487839297 10.568050268630047 8.301008922387462 13.335645381429748
0.0 1.0251182785932857 2.9385915840378773 4.0600983426886454 2.3622614831878423 3.818483296316941 7.0294003702201655 10.951445316746717 13.226475733399187 12.15577662860697
0.0 1.1296227503170708 2.917708116838724 5.160249014196024 6.096422795853847 5.567262575518149 8.683407074710567 11.869531375106114 15.688285960235223 14.523393719998529
0.0 0.9407708664850759 3.4389858266274844 6.1248028233633 4.086891481028517 6.808639305243701 9.420307465182113 10.65329427198262 18.198664889746805 8.933253254866758
0.0 2.109445767792868 2.4668910086497498 1.7916000480132368 6.246706497106075 8.047000214275943 9.307326270943658 8.864690950204098 11.41008018672376 10.026431356687036
0.0 1.9028809119565402 3.4249023669082117 3.691021008931308 1.6958182422851353 7.369657444968064 8.498328386931504 9.315675114740566 8.692419221739959 13.614988948172961
0.0 1.2226658430686563 2.0193051837463143 3.4655482599880476 2.5954669851282564 5.783076538977131 5.713244425746184 6.861619653794712 11.207713598694548 13.588331435917054
0.0 0.7860220941279409 2.531001789800327 2.1456927919783926 5.8462341772676325 7.601994483725544 7.650924918213532 10.649189811235434 11.19315259914176 12.99183814159089
0.0 0.8186974962720295 2.378564041461354 5.582366108781553 4.198989927171416 7.870079714877477 9.290747202700924 8.494847153227557 10.307742335147775 15.544965256655704
0.0 1.1969624533591825 3.0538114506716956 2.948387718939966 3.5872538119309993 7.143956906898971 4.183467197847384 10.69628616064099 9.378874582641194 14.138430876719953
0.0 1.6027461062059436 2.1998157872196 3.802491631198522 6.327534051574483 6.818467452003478 7.909769558332892 10.205819212800906 7.303075285738891 14.450307109538295
0.0 1.1321309695957904 1.5285541071240067 5.0701212803654725 2.153061103869577 3.063409688597133 4.175914215822386 10.496551389425829 12.41165070938255 11.571479743934267
0.0 1.6748149787691244 3.101532580450588 3.6333487676178247 6.87936914275961 5.47037366297978 9.77939452343117 9.703910926785232 12.913291781408649 17.577545998314825
0.0 0.7023432985260913 2.661154879539833 1.6644897430823455 4.3763213543887955 4.550689294704644 9.015914913555442 10.0910080851041 15.803777613175185 16.036288739000625
0.0 1.4099463693697352 2.7341324617483607 2.2555228199965547 5.707354896447496 6.114662580298365 8.523734076371552 5.616749309117655 13.920326815861063 16.44185205289417
0.0 2.0519055020401424 1.99693383448389 3.2781147474622037 6.059213582425577 3.949792013109916 8.85303566213401 16.04216533952695 8.566472465143915 9.417194697735829
0.0 1.082888121880006 2.4509327720908427 5.381861197884611 5.235502975673406 7.661700883764981 5.187920947696932 14.553997285756237 13.203282619476898 17.560010467295314
0.0 0.6897385132660989 2.4834623669611404 5.62052664947401 6.323527007762204 5.946006099920432 7.128804478528408 7.07475036941977 11.663169287665463 14.820455686983603
0.0 1.310521435140485 2.039724517212545 3.675229611698256 1.635775426439593 7.7643205593839 8.542834238065105 7.659772128355502 8.761881102822368 13.95484593029101
0.0 1.5973541478236348 2.302514486753002 3.52572603749318 2.508747705490311 7.371433581689261 6.413052498002639 9.360763148736622 11.055062343069228 15.485770703617534
0.0 1.2844613972946517 2.1693203769269034 3.567558948154725 4.015015748418745 7.087874203242231 12.831810274091186 10.6385061820755 15.181514593534908 15.433173252575653
0.0 2.185082222749403 2.0175074110294906 4.895151871794588 6.0976624715227885 7.660892401786067 8.949142730156117 11.58595713017507 10.764762140010095 10.301343372522728
0.0 0.9413325038552647 1.301438563265255 3.146966694873073 6.279908469475254 6.341519911011079 9.339483921713708 9.98767277976296 8.835267854019728 16.00448419829542
0.0 0.8949621881514496 1.8729552625457269 3.9229325641930672 6.836341243380926 7.555291234987817 9.174344506826294 11.458817866980954 19.784338338098884 12.503374581819822
0.0 1.992239241642764 2.7478116749207566 1.3798456223592042 4.341988423628244 4.010502863086714 5.003939018750258 10.079291052467907 12.863721097902836 15.189069543149733
0.0 1.0070635142187283 2.0196912618609097 4.35971701839735 3.9327364496477615 4.88543061091178 5.636233305955008 10.35834427918575 11.363022927988531 12.022481154733976
0.0 1.700341484782059 1.8063322419609684 4.572902302971157 6.319816080749402 4.191077451844644 9.564804042590483 12.458878897874518 11.20629392063113 14.387892893259945
0.0 1.0701793522449838 3.0574639455666284 3.8412035628004553 5.858448443915191 3.658911245976415 10.72807692895106 6.59887813893999 9.959779268409225 16.01722487613346
0.0 1.0817259550244518 2.1298646071054264 2.374881118990886 5.231634265225465 3.01429281409467 8.551679174470252 8.37983170455575 14.521198950480581 12.39817471025506
0.0 0.5375165541026746 2.8307884776570043 4.208099614326451 4.1999146511569005 4.354277286116954 4.337885719123702 13.84970057061356 9.004788035090087 15.916050991367564
0.0 1.2110104281035134 1.548040807563039 2.4657580416496954 5.87265691429996 5.9322144882185475 8.63464193875274 11.504690440034706 14.960595943124055 9.950789788144439
0.0 0.8651360263693685 3.196742468947965 1.597018080674673 2.9341465713672297 6.321858495648478 4.334485998842351 11.555515428809162 9.305067596657967 16.257008385680212
0.0 1.2022012767732995 3.281226700616673 3.236509833818246 6.047502090323575 9.658759508364334 7.17662016353352 9.41341404057806 10.974592220397941 16.31434758933855
0.0 0.8993223078717439 3.378207791794009 2.0203519772735 5.318984816981478 7.35616262968927 5.231748794169054 12.063448105334786 11.53562368673887 18.726975579469137
0.0 0.7968079095893754 1.3633482086292958 4.422881227290742 7.166682880664017 7.037807850273906 6.515266514225979 10.613881031527006 20.416794080814775 17.16044923774616
0.0 0.12987381511409546 2.7666173822727185 2.9126019314815643 4.494886069993157 7.361621404711678 7.474443110048432 8.026974056184722 17.707150633025154 17.12705354623482
0.0 0.7195519729113992 2.9453387942019926 2.4648752973031884 4.139434019757417 4.459476562869113 8.218514445432925 6.72206968345288 5.726214736590624 11.943676518934181
0.0 1.4332442184365344 2.5799030404836047 3.616668874115005 5.168858240175647 6.3398440007816514 5.336102612898788 12.78424843655779 11.232860764288095 15.512376431501416
0.0 0.9786744310945081 2.30870945757938 4.060632856795303 4.84286693097987 5.981840261278069 4.742461622762558 12.772128724939826 11.676009973826307 11.743538680669639
0.0 1.7586977747546624 2.3531963339526425 2.969144892921586 6.108855303029197 7.1219591039265975 8.37371008379141 13.733301190698343 10.268353567513062 11.391225740072212
0.0 1.3647317845524296 1.3598513956218508 3.482698352500481 2.573558452061368 7.3439722681884945 4.980158535059089 12.346477391197773 11.42207494707165 11.737357623762856
0.0 0.8603191237778925 1.7781943882295388 3.6888160652617734 1.8166888593019375 5.399359229893224 4.782435461183432 7.261157559818159 14.280985617787877 13.868860531285234
0.0 1.5651514517433815 2.4852023197171085 4.060657753490179 5.1703741972266934 8.365346262497113 9.28738492840202 3.234222766427475 13.053594090948401 14.75666582589668
0.0 1.6236950126879166 2.1314573122480884 3.6637010997536636 4.517382646878494 9.348755799473228 4.328611201212751 7.876677387563401 14.81823938451099 18.697659080489576
0.0 1.9371298980203093 2.576147691903797 3.8910696869387404 2.6603348823224673 6.856118335348446 6.179903271390409 9.723768695037048 18.34582028974653 16.940568297303898
0.0 1.5793739248358416 1.6353409294056058 2.7085858447653752 4.871325415838195 4.713220394107973 5.899505802917536 8.23289798472955 13.067134172419529 15.784202481542064
0.0 1.171390516062246 3.6299509495561004 4.690211884612161 5.045380330496269 7.926619123264528 9.442598535926413 8.122537820366356 10.073830803852832 17.231964807934215
0.0 1.515471998744593 1.6884502811025328 3.2575250943752625 1.2772677822871128 7.258620433868938 10.591385519330846 11.389277608875785 14.51480437772633 16.827149681287523
0.0 1.503839428239997 1.5809842986493223 3.0682669456661267 5.676960262873815 9.011738858820381 7.266204219903132 9.451749014945449 14.288307669802098 17.027512063297667
0.0 1.2777737388736132 2.584035580189651 3.5467898137943985 5.916525728768463 8.098437276332046 7.377829874034773 13.571447004553708 8.069527719212703 5.16705254632267
0.0 1.4490138297094883 3.5230431045687585 3.270287116673913 5.313723695778324 7.398449770406769 8.100363163013919 9.294438115313294 12.713878158573484 11.318881826891419
0.0 1.8831981731374035 2.7707491376229876 2.5606232474379103 5.794228598466411 4.672316329357845 7.696934568533557 13.388887583430856 12.833603865237796 19.635808786795945
0.0 0.7030602221473813 2.2238256180627394 3.520988415226703 1.4846584974886623 5.171020832527879 7.3903980228005475 7.201696865567019 6.37417440854523 9.474108211872077
0.0 1.6847479087447963 3.0056783790359374 3.751864008420132 4.778194428568121 4.846972236395243 5.651783609409932 8.888221935425134 12.222549338428141 9.94546515242896
0.0 1.4655652912845891 3.023926047849041 4.418177248309059 6.635731872415185 7.306399244658112 6.44752836677038 6.71025424932804 13.421022538567795 16.42474645914301
0.0 1.9954936069600921 4.435382449222306 3.221997879659886 1.4234188842612372 4.591364703251254 7.707905697170834 9.659176414733844 14.471667762893878 15.080524820688993
0.0 1.6447514261960643 1.8530029431868889 1.853914868864374 2.359798415376538 4.823461246081821 7.963870125564259 11.698851026924611 15.049368680018878 11.313676229327525
0.0 0.7648582358827593 1.4258126863106484 2.0738370680084164 4.587730749352638 5.142627488936272 1.4256351437983787 11.465354280228565 11.90837139418111 14.968244484535107
0.0 1.5526020775752005 2.9648954076522593 3.451856105161356 4.322227180150167 5.9565813884895125 7.508729890370458 7.3943285080686385 12.612055077985962 15.676771850974927
0.0 1.6711960759975284 1.3250399503455037 3.6059764158726253 3.880545952031798 6.421791650521946 4.476567776754356 7.72211660876584 11.822676464904587 14.624204048899635
0.0 1.3899524095279623 3.2019897382854423 1.841494583706255 5.3607845216645735 5.565353491687092 8.134690440457327 8.192581450576482 15.985885366088203 14.404273708674927
